# relative_time, cycles_done, cur_item, corpus_count, pending_total, pending_favs, map_size, saved_crashes, saved_hangs, max_depth, execs_per_sec, total_execs, edges_found, total_crashes, servers_count
62, 0, 638, 733, 713, 100, 9.89%, 30, 2, 4, 457.15, 228242, 1962, 146, 0
67, 0, 638, 742, 722, 100, 9.90%, 30, 2, 4, 202.03, 228908, 1965, 146, 0
72, 0, 638, 750, 730, 100, 9.90%, 30, 2, 4, 175.21, 229745, 1965, 146, 0
77, 0, 638, 760, 740, 100, 9.90%, 30, 2, 4, 227.33, 230833, 1965, 146, 0
82, 0, 638, 768, 748, 100, 9.96%, 30, 2, 4, 277.39, 232272, 1976, 146, 0
87, 0, 638, 775, 755, 100, 9.97%, 30, 2, 4, 307.85, 233731, 1979, 146, 0
92, 0, 638, 776, 756, 100, 9.97%, 30, 2, 4, 77.96, 235409, 1979, 146, 0
97, 0, 638, 781, 761, 100, 9.97%, 30, 2, 4, 326.42, 237010, 1979, 146, 0
103, 0, 638, 782, 762, 100, 9.97%, 30, 2, 4, 328.69, 238703, 1979, 146, 0
108, 0, 638, 785, 765, 100, 9.97%, 30, 2, 4, 334.10, 240428, 1979, 146, 0
113, 0, 638, 785, 765, 100, 9.97%, 30, 2, 4, 357.55, 242219, 1979, 146, 0
118, 0, 572, 793, 771, 104, 9.97%, 31, 2, 5, 3744.36, 253012, 1979, 148, 0
123, 0, 592, 822, 798, 103, 9.99%, 31, 2, 5, 3199.62, 267691, 1983, 148, 0
128, 0, 782, 822, 796, 105, 9.99%, 31, 2, 5, 31.91, 272829, 1983, 148, 0
133, 0, 782, 822, 796, 105, 9.99%, 31, 2, 5, 31.40, 272983, 1983, 148, 0
138, 0, 782, 822, 796, 105, 9.99%, 31, 2, 5, 31.66, 273349, 1983, 148, 0
143, 0, 782, 822, 796, 105, 9.99%, 31, 2, 5, 31.48, 273507, 1983, 148, 0
148, 0, 305, 826, 798, 104, 9.99%, 31, 2, 5, 1440.19, 279612, 1983, 148, 0
154, 0, 305, 835, 807, 104, 10.00%, 32, 3, 5, 2526.20, 288369, 1985, 174, 0
161, 0, 305, 840, 812, 104, 10.00%, 32, 3, 5, 250.00, 298390, 1985, 200, 0
166, 0, 305, 842, 814, 104, 10.00%, 32, 3, 5, 43.52, 305330, 1985, 223, 0
171, 0, 305, 847, 819, 104, 10.00%, 32, 3, 5, 1733.33, 314269, 1985, 256, 0
176, 0, 714, 848, 817, 99, 10.00%, 33, 3, 5, 628.75, 320515, 1985, 268, 0
183, 0, 733, 848, 811, 93, 10.00%, 34, 3, 5, 167.22, 324234, 1985, 271, 0
189, 0, 781, 867, 826, 88, 10.00%, 35, 4, 5, 252.21, 326499, 1985, 276, 0
194, 0, 781, 874, 833, 88, 10.00%, 35, 4, 5, 153.60, 327159, 1985, 276, 0
199, 0, 781, 881, 840, 88, 10.00%, 35, 4, 5, 153.14, 327903, 1985, 276, 0
204, 0, 281, 889, 847, 87, 10.00%, 35, 5, 5, 6090.94, 336505, 1985, 286, 0
209, 0, 468, 936, 887, 80, 10.00%, 38, 5, 5, 3386.77, 354701, 1985, 299, 0
214, 0, 890, 941, 890, 79, 10.00%, 41, 6, 5, 256.92, 365925, 1985, 306, 0
219, 0, 715, 960, 898, 68, 10.01%, 41, 6, 5, 2534.65, 381285, 1986, 310, 0
224, 0, 719, 960, 896, 66, 10.01%, 41, 6, 5, 1411.43, 383540, 1986, 310, 0
229, 0, 556, 974, 906, 63, 10.01%, 41, 6, 5, 1374.53, 391239, 1986, 311, 0
234, 0, 556, 976, 908, 63, 10.01%, 41, 6, 5, 1354.68, 397288, 1986, 311, 0
240, 0, 792, 981, 908, 60, 10.01%, 41, 7, 6, 4464.67, 409161, 1986, 311, 0
246, 0, 711, 998, 913, 52, 10.01%, 42, 7, 6, 167.14, 421708, 1987, 320, 0
251, 0, 957, 1005, 919, 51, 10.01%, 42, 7, 6, 968.80, 429966, 1987, 320, 0
256, 0, 865, 1010, 913, 42, 10.01%, 42, 7, 6, 520.92, 440748, 1987, 321, 0
261, 0, 740, 1013, 913, 39, 10.01%, 42, 7, 6, 589.60, 443793, 1987, 324, 0
266, 0, 476, 1022, 915, 33, 10.03%, 42, 7, 6, 3099.32, 453709, 1991, 324, 0
272, 0, 652, 1031, 921, 33, 10.04%, 42, 7, 6, 319.96, 466833, 1993, 324, 0
278, 0, 1024, 1039, 926, 32, 10.05%, 42, 8, 6, 508.62, 472645, 1995, 326, 0
283, 0, 1030, 1045, 929, 30, 10.07%, 42, 8, 6, 453.78, 484109, 1997, 326, 0
288, 0, 710, 1048, 925, 25, 10.07%, 42, 9, 6, 269.72, 491788, 1997, 327, 0
293, 0, 771, 1050, 922, 22, 10.07%, 43, 10, 6, 207.27, 497319, 1997, 329, 0
300, 0, 732, 1055, 916, 16, 10.07%, 43, 10, 6, 166.51, 506583, 1997, 330, 0
306, 0, 1049, 1065, 920, 13, 10.07%, 43, 10, 7, 132.11, 513004, 1997, 342, 0
311, 0, 1049, 1065, 920, 13, 10.07%, 43, 11, 7, 457.89, 513994, 1997, 344, 0
316, 0, 1049, 1071, 926, 13, 10.07%, 43, 12, 7, 717.04, 517420, 1997, 357, 0
322, 0, 1049, 1074, 929, 13, 10.07%, 43, 12, 7, 157.07, 518994, 1997, 362, 0
328, 0, 1049, 1075, 930, 13, 10.07%, 43, 12, 7, 112.51, 521619, 1997, 369, 0
333, 0, 1049, 1075, 930, 13, 10.07%, 43, 12, 7, 41.24, 523249, 1997, 378, 0
339, 0, 1049, 1076, 931, 13, 10.07%, 43, 12, 7, 6.92, 524068, 1997, 381, 0
345, 0, 196, 1078, 923, 7, 10.09%, 43, 12, 7, 3027.87, 545356, 2001, 386, 0
350, 0, 996, 1080, 921, 5, 10.11%, 43, 12, 7, 1109.35, 548131, 2005, 393, 0
355, 0, 1078, 1085, 920, 3, 10.11%, 43, 12, 7, 1577.76, 557460, 2005, 396, 0
364, 0, 1087, 1092, 924, 2, 10.12%, 43, 12, 8, 104.18, 562281, 2008, 397, 0
369, 0, 1087, 1093, 925, 2, 10.12%, 43, 12, 8, 44.38, 562330, 2008, 397, 0
375, 0, 1087, 1094, 926, 2, 10.12%, 43, 12, 8, 56.05, 562400, 2008, 397, 0
380, 0, 1087, 1094, 926, 2, 10.12%, 43, 12, 8, 8.77, 562518, 2008, 397, 0
385, 0, 1087, 1095, 927, 2, 10.12%, 43, 12, 8, 5.99, 562604, 2008, 397, 0
390, 0, 1087, 1096, 928, 2, 10.12%, 43, 12, 8, 8.66, 562654, 2008, 397, 0
395, 0, 1087, 1096, 928, 2, 10.12%, 43, 12, 8, 11.00, 562761, 2008, 397, 0
400, 0, 1087, 1098, 930, 2, 10.13%, 43, 12, 8, 11.21, 562812, 2009, 398, 0
405, 0, 1087, 1098, 930, 2, 10.13%, 43, 12, 8, 15.12, 562902, 2009, 399, 0
411, 0, 1087, 1098, 930, 2, 10.13%, 43, 12, 8, 25.42, 563031, 2009, 399, 0
416, 0, 1087, 1099, 931, 2, 10.14%, 43, 12, 8, 21.56, 563130, 2011, 400, 0
421, 0, 1087, 1099, 931, 2, 10.14%, 43, 12, 8, 3.00, 563244, 2011, 400, 0
426, 0, 1087, 1099, 931, 2, 10.14%, 43, 12, 8, 30.71, 563370, 2011, 400, 0
431, 0, 1087, 1099, 931, 2, 10.14%, 43, 12, 8, 10.41, 563431, 2011, 400, 0
436, 0, 1087, 1099, 931, 2, 10.14%, 43, 12, 8, 13.23, 563570, 2011, 400, 0
441, 0, 1087, 1099, 931, 2, 10.14%, 43, 12, 8, 21.63, 563693, 2011, 401, 0
447, 0, 1087, 1099, 931, 2, 10.14%, 43, 12, 8, 22.08, 563794, 2011, 402, 0
452, 0, 1087, 1099, 931, 2, 10.14%, 43, 12, 8, 38.22, 563909, 2011, 403, 0
457, 0, 1087, 1099, 931, 2, 10.14%, 43, 12, 8, 9.90, 564046, 2011, 403, 0
462, 0, 1087, 1099, 931, 2, 10.14%, 43, 12, 8, 54.59, 564170, 2011, 405, 0
468, 0, 1087, 1099, 931, 2, 10.14%, 43, 13, 8, 6.49, 564301, 2011, 405, 0
473, 0, 1087, 1099, 931, 2, 10.14%, 43, 14, 8, 8.37, 564437, 2011, 405, 0
478, 0, 1087, 1099, 931, 2, 10.14%, 43, 14, 8, 49.32, 564545, 2011, 407, 0
483, 0, 1087, 1099, 931, 2, 10.14%, 43, 14, 8, 20.43, 564650, 2011, 408, 0
488, 0, 1087, 1099, 931, 2, 10.14%, 43, 14, 8, 5.55, 564735, 2011, 409, 0
493, 0, 1087, 1100, 932, 2, 10.14%, 43, 14, 8, 3.01, 564821, 2011, 410, 0
499, 0, 1087, 1100, 932, 2, 10.14%, 43, 14, 8, 8.90, 564961, 2011, 410, 0
504, 0, 1087, 1100, 932, 2, 10.14%, 43, 14, 8, 38.69, 565061, 2011, 410, 0
509, 0, 1087, 1101, 933, 2, 10.14%, 43, 14, 8, 53.18, 565151, 2011, 410, 0
514, 0, 1087, 1101, 933, 2, 10.14%, 43, 14, 8, 21.15, 565269, 2011, 410, 0
519, 0, 1087, 1101, 933, 2, 10.14%, 43, 14, 8, 8.05, 565346, 2011, 410, 0
525, 0, 1087, 1101, 933, 2, 10.14%, 43, 14, 8, 38.54, 565505, 2011, 410, 0
530, 0, 1087, 1102, 934, 2, 10.14%, 43, 14, 8, 7.58, 565597, 2011, 410, 0
535, 0, 1087, 1102, 934, 2, 10.14%, 43, 15, 8, 61.67, 565729, 2011, 410, 0
540, 0, 1087, 1102, 934, 2, 10.14%, 43, 15, 8, 2.80, 565821, 2011, 410, 0
546, 0, 1087, 1103, 935, 2, 10.14%, 43, 15, 8, 3.02, 565909, 2011, 410, 0
552, 0, 1087, 1103, 935, 2, 10.14%, 43, 15, 8, 4.12, 566028, 2011, 410, 0
558, 0, 1087, 1104, 936, 2, 10.14%, 43, 15, 8, 2.96, 566125, 2011, 410, 0
563, 0, 1087, 1104, 936, 2, 10.14%, 43, 15, 8, 14.67, 566239, 2011, 411, 0
568, 0, 1087, 1104, 936, 2, 10.14%, 43, 15, 8, 46.21, 566359, 2011, 411, 0
573, 0, 1087, 1105, 937, 2, 10.14%, 43, 15, 8, 5.94, 566413, 2011, 411, 0
578, 0, 1087, 1106, 938, 2, 10.14%, 43, 15, 8, 42.51, 566543, 2011, 411, 0
583, 0, 1087, 1106, 938, 2, 10.14%, 43, 15, 8, 67.19, 566708, 2011, 414, 0
588, 0, 1087, 1106, 938, 2, 10.14%, 43, 15, 8, 42.12, 566831, 2011, 415, 0
594, 0, 1087, 1106, 938, 2, 10.14%, 43, 15, 8, 7.37, 566933, 2011, 415, 0
599, 0, 1087, 1107, 939, 2, 10.14%, 43, 15, 8, 11.83, 567036, 2011, 416, 0
605, 0, 1087, 1107, 939, 2, 10.14%, 43, 15, 8, 25.76, 567175, 2011, 416, 0
610, 0, 1087, 1107, 939, 2, 10.14%, 43, 15, 8, 65.34, 567303, 2011, 417, 0
615, 0, 1087, 1107, 939, 2, 10.14%, 43, 15, 8, 32.20, 567416, 2011, 417, 0
620, 0, 1087, 1108, 940, 2, 10.14%, 43, 15, 8, 35.64, 567532, 2011, 417, 0
629, 0, 1087, 1109, 941, 2, 10.14%, 43, 15, 8, 2.92, 567607, 2011, 417, 0
635, 0, 1087, 1109, 941, 2, 10.14%, 43, 15, 8, 1.70, 567658, 2011, 417, 0
640, 0, 1087, 1109, 941, 2, 10.14%, 43, 15, 8, 14.31, 567758, 2011, 417, 0
645, 0, 1087, 1109, 941, 2, 10.14%, 43, 15, 8, 33.23, 567871, 2011, 418, 0
650, 0, 1087, 1109, 941, 2, 10.14%, 43, 15, 8, 31.99, 568029, 2011, 418, 0
655, 0, 1087, 1109, 941, 2, 10.14%, 43, 15, 8, 44.08, 568114, 2011, 418, 0
661, 0, 1087, 1109, 941, 2, 10.14%, 43, 15, 8, 1.99, 568193, 2011, 418, 0
666, 0, 1087, 1109, 941, 2, 10.14%, 43, 15, 8, 8.78, 568289, 2011, 419, 0
671, 0, 1087, 1109, 941, 2, 10.14%, 43, 15, 8, 12.49, 568406, 2011, 419, 0
676, 0, 1087, 1109, 941, 2, 10.14%, 43, 15, 8, 23.11, 568547, 2011, 419, 0
681, 0, 1087, 1109, 941, 2, 10.14%, 43, 15, 8, 34.68, 568677, 2011, 420, 0
687, 0, 1087, 1110, 942, 2, 10.14%, 43, 15, 8, 38.22, 568736, 2011, 421, 0
693, 0, 1087, 1112, 944, 2, 10.14%, 43, 15, 8, 7.62, 568786, 2011, 421, 0
699, 0, 1087, 1112, 944, 2, 10.14%, 43, 15, 8, 12.13, 568935, 2011, 421, 0
704, 0, 1087, 1113, 945, 2, 10.14%, 43, 15, 8, 16.28, 569008, 2011, 421, 0
709, 0, 1087, 1113, 945, 2, 10.14%, 43, 15, 8, 12.88, 569098, 2011, 421, 0
716, 0, 1087, 1114, 946, 2, 10.14%, 43, 15, 8, 13.57, 569172, 2011, 421, 0
722, 0, 1087, 1114, 946, 2, 10.14%, 43, 15, 8, 14.68, 569252, 2011, 421, 0
727, 0, 1087, 1114, 946, 2, 10.14%, 43, 15, 8, 39.92, 569379, 2011, 422, 0
732, 0, 1087, 1114, 946, 2, 10.14%, 43, 15, 8, 19.50, 569451, 2011, 422, 0
737, 0, 1087, 1114, 946, 2, 10.14%, 43, 15, 8, 3.04, 569540, 2011, 422, 0
742, 0, 1087, 1114, 946, 2, 10.14%, 43, 15, 8, 9.78, 569622, 2011, 422, 0
747, 0, 1087, 1114, 946, 2, 10.14%, 43, 15, 8, 24.80, 569758, 2011, 422, 0
753, 0, 1087, 1114, 946, 2, 10.14%, 43, 15, 8, 38.71, 569898, 2011, 422, 0
758, 0, 1087, 1114, 946, 2, 10.14%, 43, 15, 8, 16.41, 569982, 2011, 422, 0
763, 0, 1087, 1114, 946, 2, 10.14%, 43, 15, 8, 22.24, 570118, 2011, 422, 0
768, 0, 1087, 1114, 946, 2, 10.14%, 43, 15, 8, 2.98, 570266, 2011, 422, 0
773, 0, 1087, 1114, 946, 2, 10.14%, 43, 15, 8, 18.77, 570344, 2011, 423, 0
779, 0, 1087, 1114, 946, 2, 10.14%, 43, 15, 8, 2.91, 570429, 2011, 423, 0
784, 0, 1087, 1114, 946, 2, 10.14%, 43, 15, 8, 21.33, 570541, 2011, 423, 0
789, 0, 1087, 1114, 946, 2, 10.14%, 43, 15, 8, 27.59, 570703, 2011, 423, 0
794, 0, 1087, 1114, 946, 2, 10.14%, 43, 15, 8, 23.65, 570812, 2011, 425, 0
799, 0, 1087, 1114, 946, 2, 10.14%, 43, 15, 8, 25.47, 570944, 2011, 425, 0
804, 0, 1087, 1114, 946, 2, 10.14%, 43, 15, 8, 31.76, 571107, 2011, 427, 0
809, 0, 1087, 1114, 946, 2, 10.14%, 43, 15, 8, 5.64, 571202, 2011, 427, 0
815, 0, 1087, 1114, 946, 2, 10.14%, 43, 15, 8, 9.81, 571291, 2011, 427, 0
820, 0, 1087, 1114, 946, 2, 10.14%, 43, 15, 8, 2.91, 571391, 2011, 427, 0
825, 0, 1087, 1114, 946, 2, 10.14%, 43, 16, 8, 8.41, 571467, 2011, 427, 0
830, 0, 1087, 1114, 946, 2, 10.14%, 43, 16, 8, 2.22, 571595, 2011, 427, 0
836, 0, 1087, 1114, 946, 2, 10.14%, 43, 16, 8, 28.59, 571708, 2011, 428, 0
841, 0, 1087, 1114, 946, 2, 10.14%, 43, 16, 8, 18.12, 571880, 2011, 428, 0
846, 0, 1087, 1114, 946, 2, 10.14%, 43, 16, 8, 3.16, 571988, 2011, 429, 0
851, 0, 1087, 1114, 946, 2, 10.14%, 43, 16, 8, 2.99, 572105, 2011, 429, 0
857, 0, 1087, 1114, 946, 2, 10.14%, 43, 16, 8, 10.53, 572185, 2011, 429, 0
862, 0, 1087, 1114, 946, 2, 10.14%, 43, 16, 8, 21.46, 572301, 2011, 429, 0
867, 0, 1087, 1114, 946, 2, 10.14%, 43, 16, 8, 21.75, 572399, 2011, 429, 0
872, 0, 1087, 1114, 946, 2, 10.14%, 43, 16, 8, 40.70, 572495, 2011, 431, 0
877, 0, 1087, 1114, 946, 2, 10.14%, 43, 16, 8, 132.91, 572618, 2011, 431, 0
882, 0, 1087, 1115, 947, 2, 10.14%, 43, 16, 8, 21.34, 572731, 2011, 431, 0
887, 0, 1087, 1115, 947, 2, 10.14%, 43, 16, 8, 43.84, 572881, 2011, 431, 0
892, 0, 1087, 1115, 947, 2, 10.14%, 43, 16, 8, 6.74, 572954, 2011, 431, 0
898, 0, 1087, 1115, 947, 2, 10.14%, 43, 17, 8, 72.06, 573046, 2011, 431, 0
903, 0, 1087, 1115, 947, 2, 10.14%, 43, 17, 8, 8.99, 573209, 2011, 432, 0
909, 0, 1087, 1116, 948, 2, 10.14%, 43, 17, 8, 3.28, 573266, 2011, 432, 0
914, 0, 1087, 1116, 948, 2, 10.14%, 43, 17, 8, 86.36, 573348, 2011, 432, 0
919, 0, 1087, 1116, 948, 2, 10.14%, 43, 17, 8, 3.15, 573456, 2011, 433, 0
924, 0, 1087, 1116, 948, 2, 10.14%, 43, 17, 8, 4.60, 573550, 2011, 433, 0
929, 0, 1087, 1116, 948, 2, 10.14%, 43, 17, 8, 38.67, 573685, 2011, 433, 0
934, 0, 1087, 1116, 948, 2, 10.14%, 43, 17, 8, 11.11, 573787, 2011, 434, 0
939, 0, 1087, 1116, 948, 2, 10.14%, 43, 17, 8, 19.20, 573902, 2011, 434, 0
945, 0, 1087, 1116, 948, 2, 10.14%, 43, 17, 8, 39.57, 574034, 2011, 435, 0
950, 0, 1087, 1116, 948, 2, 10.14%, 43, 17, 8, 8.23, 574123, 2011, 435, 0
955, 0, 1087, 1116, 948, 2, 10.14%, 43, 17, 8, 50.23, 574246, 2011, 435, 0
960, 0, 1087, 1116, 948, 2, 10.14%, 43, 17, 8, 27.48, 574400, 2011, 436, 0
965, 0, 1087, 1116, 948, 2, 10.14%, 43, 17, 8, 26.28, 574532, 2011, 436, 0
970, 0, 1087, 1116, 948, 2, 10.14%, 43, 17, 8, 37.53, 574587, 2011, 436, 0
976, 0, 1087, 1116, 948, 2, 10.14%, 43, 18, 8, 40.94, 574720, 2011, 436, 0
981, 0, 1087, 1116, 948, 2, 10.14%, 43, 18, 8, 7.84, 574812, 2011, 436, 0
986, 0, 1087, 1116, 948, 2, 10.14%, 43, 18, 8, 3.79, 574916, 2011, 438, 0
991, 0, 1087, 1116, 948, 2, 10.14%, 43, 18, 8, 21.83, 574990, 2011, 438, 0
996, 0, 1087, 1116, 948, 2, 10.14%, 43, 18, 8, 2.65, 575104, 2011, 438, 0
1001, 0, 1087, 1116, 948, 2, 10.14%, 43, 18, 8, 17.93, 575191, 2011, 438, 0
1006, 0, 1094, 1116, 946, 3, 10.14%, 43, 18, 8, 301.37, 576085, 2011, 439, 0
1012, 0, 1098, 1117, 944, 3, 10.14%, 43, 18, 8, 131.56, 587260, 2012, 439, 0
1019, 0, 1101, 1118, 942, 2, 10.14%, 43, 18, 8, 10.84, 590000, 2012, 441, 0
1024, 0, 729, 1118, 939, 0, 10.14%, 43, 18, 8, 160.57, 597805, 2012, 441, 0
1030, 0, 641, 1118, 936, 0, 10.14%, 43, 18, 8, 2074.83, 612741, 2012, 443, 0
1036, 0, 673, 1119, 932, 0, 10.14%, 43, 18, 8, 4396.94, 622513, 2012, 446, 0
1041, 0, 552, 1128, 939, 0, 10.14%, 43, 18, 8, 3031.58, 633816, 2012, 446, 0
1046, 0, 1028, 1133, 943, 0, 10.16%, 43, 18, 8, 260.54, 638346, 2015, 446, 0
1051, 0, 1133, 1138, 947, 1, 10.16%, 43, 18, 8, 196.79, 639201, 2015, 446, 0
1056, 0, 1133, 1142, 951, 1, 10.16%, 43, 18, 8, 124.47, 639630, 2015, 446, 0
1061, 0, 1133, 1143, 952, 1, 10.16%, 43, 18, 8, 138.08, 640373, 2015, 446, 0
1066, 0, 1133, 1144, 953, 1, 10.16%, 43, 18, 8, 144.97, 641090, 2015, 446, 0
1072, 0, 1133, 1145, 954, 1, 10.16%, 43, 18, 8, 153.36, 641877, 2015, 446, 0
1077, 0, 1133, 1147, 956, 1, 10.16%, 43, 18, 8, 150.25, 642574, 2015, 446, 0
1082, 0, 1133, 1148, 957, 1, 10.16%, 43, 18, 8, 137.61, 643242, 2015, 446, 0
1087, 0, 1133, 1149, 958, 1, 10.16%, 43, 19, 8, 161.53, 643833, 2015, 446, 0
1092, 0, 1133, 1151, 960, 1, 10.17%, 43, 19, 8, 141.40, 644507, 2018, 446, 0
1097, 0, 1133, 1151, 960, 1, 10.17%, 43, 19, 8, 143.90, 645241, 2018, 446, 0
1102, 0, 1133, 1153, 962, 1, 10.17%, 43, 19, 8, 126.48, 645881, 2018, 446, 0
1107, 0, 1133, 1154, 963, 1, 10.17%, 43, 19, 8, 140.81, 646640, 2018, 446, 0
1112, 0, 1133, 1157, 966, 1, 10.17%, 43, 19, 8, 136.64, 647310, 2018, 446, 0
1118, 0, 1133, 1158, 967, 1, 10.17%, 43, 19, 8, 138.59, 648022, 2018, 446, 0
1123, 0, 1133, 1159, 968, 1, 10.17%, 43, 19, 8, 154.30, 648814, 2018, 446, 0
1128, 0, 1133, 1159, 968, 1, 10.17%, 43, 19, 8, 142.74, 649545, 2018, 446, 0
1133, 0, 1133, 1159, 968, 1, 10.17%, 43, 19, 8, 129.12, 650177, 2018, 446, 0
1138, 0, 1133, 1160, 969, 1, 10.17%, 43, 19, 8, 139.72, 650878, 2018, 446, 0
1143, 0, 1133, 1160, 969, 1, 10.17%, 43, 19, 8, 128.23, 651468, 2018, 446, 0
1148, 0, 1133, 1160, 969, 1, 10.17%, 43, 19, 8, 138.92, 652198, 2018, 446, 0
1155, 0, 1149, 1160, 968, 3, 10.17%, 43, 19, 8, 102.57, 652882, 2018, 446, 0
1160, 0, 1156, 1161, 968, 2, 10.17%, 43, 19, 9, 102.28, 653469, 2018, 446, 0
1165, 0, 1158, 1161, 967, 1, 10.17%, 43, 19, 9, 85.97, 653895, 2018, 446, 0
1170, 0, 1158, 1161, 967, 1, 10.17%, 43, 19, 9, 65.60, 654279, 2018, 446, 0
1175, 0, 1158, 1162, 967, 0, 10.17%, 44, 19, 9, 116.58, 657470, 2018, 447, 0
1181, 0, 877, 1163, 967, 0, 10.17%, 44, 19, 9, 126.35, 662349, 2018, 447, 0
1188, 0, 1113, 1164, 964, 0, 10.17%, 44, 19, 9, 81.31, 666758, 2018, 448, 0
1195, 0, 1091, 1164, 961, 0, 10.17%, 44, 19, 9, 100.95, 674691, 2018, 448, 0
1201, 0, 39, 1164, 958, 0, 10.17%, 44, 19, 9, 4255.69, 695426, 2018, 449, 0
1206, 0, 775, 1164, 957, 0, 10.17%, 44, 19, 9, 27.85, 695820, 2018, 449, 0
1211, 0, 775, 1164, 957, 0, 10.17%, 44, 19, 9, 29.37, 696212, 2018, 449, 0
1216, 0, 585, 1164, 956, 0, 10.17%, 44, 19, 9, 1270.00, 696715, 2018, 449, 0
1221, 0, 718, 1164, 955, 0, 10.17%, 44, 19, 9, 168.83, 703168, 2018, 449, 0
1228, 0, 735, 1165, 952, 0, 10.17%, 44, 19, 9, 163.22, 708827, 2018, 449, 0
1233, 0, 1156, 1165, 949, 0, 10.17%, 44, 19, 9, 87.89, 713832, 2018, 450, 0
1239, 0, 710, 1165, 948, 0, 10.17%, 44, 19, 9, 1340.28, 720782, 2018, 452, 0
1244, 0, 770, 1166, 945, 0, 10.17%, 44, 19, 9, 74.17, 730823, 2018, 454, 0
1249, 0, 770, 1166, 945, 0, 10.17%, 44, 19, 9, 36.52, 730953, 2018, 454, 0
1255, 0, 770, 1166, 945, 0, 10.17%, 44, 19, 9, 26.29, 731305, 2018, 454, 0
1262, 0, 770, 1166, 945, 0, 10.17%, 44, 19, 9, 27.00, 731521, 2018, 454, 0
1267, 0, 1156, 1166, 942, 0, 10.17%, 45, 19, 9, 89.39, 733689, 2018, 458, 0
1272, 0, 621, 1166, 941, 0, 10.17%, 45, 19, 9, 2202.07, 742218, 2018, 458, 0
1277, 0, 1111, 1166, 941, 0, 10.17%, 45, 19, 9, 12.29, 742280, 2018, 458, 0
1283, 0, 1067, 1166, 939, 0, 10.17%, 45, 19, 9, 25.27, 743961, 2018, 459, 0
1288, 0, 713, 1169, 941, 0, 10.17%, 45, 20, 9, 336.55, 746132, 2018, 460, 0
1294, 0, 866, 1169, 941, 0, 10.17%, 45, 20, 9, 193.65, 748081, 2018, 460, 0
1299, 0, 985, 1170, 939, 0, 10.17%, 45, 20, 9, 2066.33, 755968, 2018, 461, 0
1306, 0, 1093, 1171, 940, 0, 10.17%, 45, 20, 9, 3.31, 756129, 2018, 462, 0
1311, 0, 710, 1171, 939, 0, 10.17%, 45, 20, 9, 284.04, 757284, 2018, 463, 0
1316, 0, 959, 1172, 938, 0, 10.17%, 46, 20, 9, 4988.31, 761430, 2018, 471, 0
1321, 0, 1131, 1176, 940, 0, 10.17%, 46, 20, 9, 3456.35, 769643, 2018, 471, 0
1326, 0, 872, 1177, 940, 0, 10.17%, 46, 20, 9, 575.19, 777188, 2018, 471, 0
1331, 0, 864, 1177, 938, 0, 10.17%, 46, 20, 9, 340.30, 779774, 2018, 471, 0
1336, 0, 638, 1177, 937, 0, 10.17%, 46, 20, 9, 249.75, 781542, 2018, 473, 0
1341, 0, 638, 1177, 937, 0, 10.17%, 46, 20, 9, 169.53, 782264, 2018, 473, 0
1347, 0, 638, 1177, 937, 0, 10.17%, 46, 20, 9, 154.57, 783033, 2018, 473, 0
1352, 0, 638, 1177, 937, 0, 10.17%, 46, 20, 9, 172.34, 783920, 2018, 473, 0
1357, 0, 638, 1177, 937, 0, 10.17%, 46, 20, 9, 151.26, 784765, 2018, 473, 0
1362, 0, 638, 1177, 937, 0, 10.17%, 46, 20, 9, 460.49, 787484, 2018, 473, 0
1367, 0, 779, 1177, 935, 0, 10.17%, 46, 20, 9, 427.42, 795279, 2018, 474, 0
1372, 0, 1125, 1178, 935, 0, 10.17%, 46, 20, 9, 163.80, 796821, 2018, 474, 0
1377, 0, 884, 1178, 933, 0, 10.17%, 46, 20, 9, 333.00, 799233, 2018, 475, 0
1383, 0, 1104, 1179, 923, 0, 10.20%, 46, 20, 9, 48.81, 808665, 2024, 478, 0
1389, 0, 1098, 1181, 918, 0, 10.20%, 46, 20, 9, 90.23, 817776, 2024, 485, 0
1394, 0, 780, 1181, 910, 0, 10.20%, 46, 20, 9, 19.76, 826912, 2024, 488, 0
1399, 0, 780, 1181, 910, 0, 10.20%, 46, 20, 9, 18.71, 827006, 2024, 488, 0
1404, 0, 780, 1181, 910, 0, 10.20%, 46, 20, 9, 19.87, 827113, 2024, 488, 0
1409, 0, 780, 1181, 910, 0, 10.20%, 46, 20, 9, 29.50, 827424, 2024, 488, 0
1415, 0, 780, 1181, 910, 0, 10.20%, 46, 20, 9, 23.96, 827568, 2024, 488, 0
1420, 0, 95, 1205, 930, 0, 10.21%, 46, 20, 9, 3415.85, 843862, 2025, 488, 0
1425, 0, 1028, 1205, 919, 0, 10.21%, 46, 20, 9, 218.85, 854147, 2025, 490, 0
1430, 0, 600, 1206, 916, 0, 10.21%, 46, 20, 9, 3270.13, 865744, 2025, 492, 0
1441, 0, 940, 1227, 929, 0, 10.21%, 46, 20, 9, 55.99, 882677, 2025, 508, 0
1447, 0, 940, 1228, 930, 0, 10.21%, 46, 22, 9, 25.30, 883305, 2025, 512, 0
1452, 0, 940, 1229, 931, 0, 10.21%, 46, 22, 9, 87.26, 884362, 2025, 518, 0
1457, 0, 940, 1229, 931, 0, 10.21%, 46, 22, 9, 141.08, 885213, 2025, 521, 0
1463, 0, 940, 1230, 932, 0, 10.21%, 46, 22, 9, 268.39, 885750, 2025, 522, 0
1468, 0, 940, 1232, 934, 0, 10.21%, 46, 22, 9, 77.59, 886550, 2025, 525, 0
1474, 0, 940, 1232, 934, 0, 10.21%, 46, 22, 9, 83.50, 887042, 2025, 525, 0
1480, 0, 940, 1232, 934, 0, 10.21%, 46, 22, 9, 68.03, 888058, 2025, 529, 0
1485, 0, 940, 1232, 934, 0, 10.21%, 46, 22, 9, 388.22, 888998, 2025, 531, 0
1491, 0, 940, 1232, 934, 0, 10.21%, 46, 23, 9, 155.37, 890070, 2025, 532, 0
1496, 0, 940, 1232, 934, 0, 10.21%, 46, 23, 9, 270.60, 891719, 2025, 535, 0
1501, 0, 1060, 1232, 931, 1, 10.21%, 46, 23, 9, 433.82, 893593, 2025, 536, 0
1506, 0, 1146, 1232, 930, 1, 10.21%, 47, 23, 9, 226.88, 894968, 2025, 541, 0
1512, 0, 1234, 1241, 937, 1, 10.21%, 47, 23, 9, 4402.96, 905551, 2025, 541, 0
1517, 0, 1230, 1244, 937, 1, 10.21%, 47, 23, 9, 654.51, 919666, 2025, 542, 0
1522, 0, 360, 1244, 931, 0, 10.21%, 47, 23, 9, 1654.97, 926152, 2025, 545, 0
1529, 0, 869, 1252, 934, 0, 10.21%, 47, 24, 9, 161.55, 942223, 2025, 558, 0
1534, 0, 947, 1279, 953, 0, 10.21%, 47, 24, 9, 5266.01, 960111, 2025, 568, 0
1539, 0, 765, 1280, 953, 0, 10.21%, 47, 24, 9, 37.14, 961676, 2025, 568, 0
1544, 0, 765, 1280, 953, 0, 10.21%, 47, 24, 9, 39.52, 962161, 2025, 568, 0
1549, 0, 765, 1280, 953, 0, 10.21%, 47, 24, 9, 40.76, 962397, 2025, 568, 0
1554, 0, 713, 1281, 952, 0, 10.21%, 47, 24, 9, 1376.10, 965092, 2025, 569, 0
1559, 0, 1042, 1281, 944, 0, 10.21%, 47, 24, 9, 261.94, 972669, 2025, 570, 0
1564, 0, 763, 1283, 940, 0, 10.22%, 47, 24, 9, 137.75, 978738, 2028, 571, 0
1569, 0, 1156, 1283, 937, 0, 10.22%, 47, 24, 9, 83.65, 981648, 2028, 574, 0
1575, 0, 1141, 1283, 936, 0, 10.22%, 47, 24, 9, 55.56, 984098, 2028, 575, 0
1580, 0, 1141, 1284, 937, 0, 10.22%, 47, 24, 9, 55.57, 984381, 2028, 575, 0
1585, 0, 1141, 1285, 938, 0, 10.22%, 47, 24, 9, 51.83, 984645, 2028, 575, 0
1590, 0, 1141, 1286, 939, 0, 10.22%, 47, 24, 9, 54.13, 984927, 2028, 575, 0
1595, 0, 1141, 1286, 939, 0, 10.22%, 47, 24, 9, 56.87, 985221, 2028, 575, 0
1600, 0, 1141, 1286, 939, 0, 10.22%, 47, 24, 9, 58.27, 985519, 2028, 575, 0
1605, 0, 1141, 1286, 939, 0, 10.22%, 47, 24, 9, 52.96, 985783, 2028, 575, 0
1611, 0, 1168, 1286, 937, 0, 10.22%, 47, 24, 9, 1842.07, 986840, 2028, 575, 0
1616, 0, 378, 1289, 938, 0, 10.22%, 47, 24, 9, 3753.67, 990926, 2028, 575, 0
1621, 0, 1156, 1290, 930, 0, 10.22%, 47, 24, 9, 4779.66, 1004444, 2028, 579, 0
1626, 0, 910, 1294, 930, 0, 10.22%, 47, 24, 9, 3907.46, 1016068, 2028, 583, 0
1631, 0, 1156, 1295, 926, 0, 10.22%, 47, 24, 9, 456.47, 1023725, 2028, 592, 0
1636, 0, 1157, 1295, 926, 0, 10.22%, 47, 24, 9, 69.60, 1024090, 2028, 592, 0
1641, 0, 1078, 1296, 926, 0, 10.22%, 47, 24, 9, 642.24, 1024691, 2028, 592, 0
1647, 0, 719, 1300, 927, 0, 10.22%, 49, 24, 9, 313.04, 1031813, 2028, 618, 0
1652, 0, 1043, 1302, 916, 0, 10.22%, 49, 24, 9, 41.73, 1041800, 2028, 629, 0
1657, 0, 1115, 1304, 915, 0, 10.22%, 49, 24, 9, 6.03, 1044509, 2028, 630, 0
1665, 0, 1115, 1306, 917, 0, 10.22%, 49, 24, 9, 5.83, 1044536, 2028, 630, 0
1670, 0, 1115, 1307, 918, 0, 10.22%, 49, 24, 9, 7.29, 1044573, 2028, 630, 0
1675, 0, 1115, 1307, 918, 0, 10.22%, 49, 24, 9, 4.61, 1044637, 2028, 631, 0
1681, 0, 1240, 1308, 917, 0, 10.22%, 49, 24, 9, 4813.07, 1046772, 2028, 634, 0
1686, 0, 1230, 1309, 916, 0, 10.22%, 49, 24, 9, 1468.63, 1049218, 2028, 634, 0
1691, 0, 408, 1310, 909, 0, 10.25%, 49, 24, 9, 5435.00, 1056354, 2033, 638, 0
1696, 0, 1073, 1311, 908, 0, 10.25%, 49, 24, 9, 1396.86, 1058685, 2033, 638, 0
1702, 0, 1067, 1311, 903, 0, 10.25%, 49, 24, 9, 50.20, 1063980, 2033, 638, 0
1707, 0, 1285, 1311, 899, 0, 10.25%, 49, 24, 9, 230.20, 1069988, 2033, 639, 0
1712, 0, 1285, 1314, 902, 0, 10.25%, 49, 24, 10, 236.78, 1071105, 2033, 639, 0
1717, 0, 1285, 1315, 903, 0, 10.25%, 49, 24, 10, 228.20, 1072260, 2033, 639, 0
1722, 0, 1285, 1315, 903, 0, 10.25%, 49, 24, 10, 244.20, 1073480, 2033, 639, 0
1728, 0, 1285, 1316, 904, 0, 10.25%, 49, 24, 10, 16.88, 1074603, 2033, 639, 0
1733, 0, 1285, 1316, 904, 0, 10.25%, 49, 24, 10, 240.46, 1075839, 2033, 639, 0
1738, 0, 1285, 1316, 904, 0, 10.25%, 49, 24, 10, 222.12, 1076959, 2033, 639, 0
1744, 0, 1178, 1316, 898, 0, 10.25%, 49, 24, 10, 3772.99, 1092931, 2033, 640, 0
1749, 0, 873, 1319, 895, 0, 10.27%, 49, 24, 10, 423.08, 1105282, 2037, 641, 0
1754, 0, 1094, 1319, 893, 0, 10.27%, 49, 24, 10, 92.63, 1109237, 2037, 647, 0
1760, 0, 1148, 1319, 893, 0, 10.27%, 49, 24, 10, 176.32, 1111413, 2037, 651, 0
1765, 0, 1307, 1323, 895, 0, 10.28%, 49, 24, 10, 3176.31, 1116457, 2039, 651, 0
1771, 0, 1321, 1326, 894, 0, 10.28%, 49, 25, 10, 514.82, 1124586, 2039, 651, 0
1776, 0, 767, 1329, 890, 0, 10.28%, 49, 25, 11, 247.42, 1135071, 2039, 652, 0
1782, 0, 767, 1329, 890, 0, 10.28%, 49, 25, 11, 153.50, 1135813, 2039, 652, 0
1787, 0, 1154, 1330, 889, 0, 10.28%, 49, 25, 11, 52.30, 1137931, 2039, 652, 0
1792, 0, 1154, 1331, 890, 0, 10.28%, 49, 25, 11, 70.60, 1138300, 2039, 652, 0
1797, 0, 1154, 1332, 891, 0, 10.28%, 49, 25, 11, 66.20, 1138623, 2039, 652, 0
1802, 0, 1154, 1332, 891, 0, 10.28%, 49, 25, 11, 67.14, 1138986, 2039, 652, 0
1807, 0, 1154, 1332, 891, 0, 10.28%, 49, 25, 11, 67.06, 1139334, 2039, 652, 0
1812, 0, 1154, 1332, 891, 0, 10.28%, 49, 25, 11, 65.86, 1139671, 2039, 652, 0
1817, 0, 1317, 1334, 888, 0, 10.29%, 49, 25, 11, 1935.70, 1149444, 2041, 652, 0
1822, 0, 1283, 1334, 882, 0, 10.29%, 49, 25, 11, 40.40, 1155248, 2041, 655, 0
1828, 0, 716, 1335, 881, 0, 10.29%, 49, 25, 11, 27.97, 1158375, 2041, 657, 0
1835, 0, 1143, 1335, 875, 0, 10.29%, 49, 25, 11, 74.46, 1162460, 2041, 659, 0
1840, 0, 865, 1336, 873, 0, 10.29%, 49, 25, 11, 1876.94, 1165132, 2041, 659, 0
1845, 0, 731, 1336, 868, 0, 10.29%, 49, 25, 11, 352.13, 1172464, 2041, 659, 0
1850, 0, 972, 1336, 863, 0, 10.29%, 49, 25, 11, 4333.88, 1177673, 2041, 662, 0
1857, 0, 1269, 1337, 863, 0, 10.29%, 49, 25, 11, 340.80, 1181668, 2041, 669, 0
1862, 0, 1269, 1345, 871, 0, 10.29%, 49, 25, 11, 65.17, 1183416, 2041, 669, 0
1867, 0, 1269, 1347, 873, 0, 10.29%, 49, 26, 11, 1261.05, 1184470, 2041, 669, 0
1872, 0, 1269, 1347, 873, 0, 10.29%, 49, 26, 11, 1520.00, 1186386, 2041, 669, 0
1878, 0, 1269, 1350, 876, 0, 10.29%, 49, 26, 11, 11.02, 1187592, 2041, 669, 0
1883, 0, 1269, 1351, 877, 0, 10.29%, 49, 26, 11, 581.39, 1189780, 2041, 670, 0
1888, 0, 1269, 1351, 877, 0, 10.29%, 49, 26, 11, 418.91, 1190967, 2041, 670, 0
1893, 0, 869, 1352, 871, 0, 10.29%, 49, 26, 11, 294.82, 1203420, 2041, 672, 0
1899, 0, 776, 1352, 870, 0, 10.29%, 49, 27, 11, 140.82, 1205875, 2041, 672, 0
1904, 0, 1143, 1353, 867, 0, 10.29%, 49, 27, 11, 55.45, 1208661, 2041, 672, 0
1910, 0, 494, 1354, 865, 0, 10.29%, 49, 27, 11, 341.06, 1217106, 2041, 673, 0
1915, 0, 75, 1354, 859, 0, 10.29%, 49, 28, 11, 2168.27, 1227921, 2041, 677, 0
1920, 0, 1145, 1355, 856, 0, 10.29%, 49, 28, 11, 190.85, 1232513, 2041, 677, 0
1925, 0, 1145, 1355, 856, 0, 10.29%, 49, 28, 11, 17.57, 1232638, 2041, 677, 0
1931, 0, 1150, 1355, 853, 0, 10.29%, 49, 28, 11, 46.45, 1236720, 2041, 681, 0
1937, 0, 1331, 1355, 852, 0, 10.29%, 49, 28, 11, 64.43, 1237238, 2041, 681, 0
1942, 0, 1331, 1355, 852, 0, 10.29%, 49, 28, 11, 66.10, 1237672, 2041, 681, 0
1947, 0, 1331, 1357, 854, 0, 10.29%, 49, 28, 11, 65.80, 1238005, 2041, 681, 0
1952, 0, 1331, 1357, 854, 0, 10.29%, 49, 28, 11, 64.09, 1238328, 2041, 681, 0
1957, 0, 865, 1357, 851, 0, 10.29%, 49, 28, 11, 1125.87, 1241957, 2041, 685, 0
1962, 0, 1156, 1357, 850, 0, 10.29%, 49, 28, 11, 181.95, 1248285, 2041, 685, 0
1967, 0, 1325, 1361, 849, 0, 10.31%, 49, 28, 11, 2126.13, 1257010, 2045, 692, 0
1973, 0, 1360, 1375, 861, 1, 10.31%, 49, 29, 12, 81.26, 1270284, 2045, 692, 0
1978, 0, 1030, 1375, 858, 0, 10.31%, 49, 29, 12, 59.77, 1275648, 2045, 692, 0
1983, 0, 1280, 1375, 853, 0, 10.31%, 49, 30, 12, 66.48, 1282203, 2045, 696, 0
1988, 0, 1280, 1375, 853, 0, 10.31%, 49, 30, 12, 43.12, 1282424, 2045, 696, 0
1994, 0, 1280, 1375, 853, 0, 10.31%, 49, 30, 12, 31.93, 1282867, 2045, 696, 0
2000, 0, 1280, 1375, 853, 0, 10.31%, 49, 30, 12, 32.52, 1283106, 2045, 696, 0
2005, 0, 1347, 1378, 855, 0, 10.31%, 49, 31, 12, 71.09, 1284477, 2045, 696, 0
2010, 0, 1347, 1379, 856, 0, 10.31%, 49, 31, 12, 427.29, 1285713, 2045, 696, 0
2015, 0, 1347, 1379, 856, 0, 10.31%, 49, 31, 12, 55.66, 1287837, 2045, 696, 0
2020, 0, 1347, 1379, 856, 0, 10.31%, 49, 31, 12, 91.99, 1289504, 2045, 696, 0
2025, 0, 1347, 1379, 856, 0, 10.31%, 49, 31, 12, 20.78, 1290804, 2045, 696, 0
2031, 0, 1347, 1379, 856, 0, 10.31%, 49, 31, 12, 19.76, 1292293, 2045, 696, 0
2037, 0, 652, 1379, 855, 0, 10.31%, 49, 31, 12, 531.61, 1294252, 2045, 697, 0
2043, 0, 1317, 1379, 852, 0, 10.31%, 49, 31, 12, 2123.91, 1307848, 2045, 697, 0
2049, 0, 250, 1379, 847, 0, 10.31%, 49, 32, 12, 1449.12, 1313608, 2045, 698, 0
2054, 0, 1149, 1379, 845, 0, 10.31%, 49, 32, 12, 63.04, 1315984, 2045, 699, 0
2059, 0, 1359, 1381, 842, 0, 10.31%, 49, 32, 12, 3081.34, 1325401, 2045, 700, 0
2064, 0, 1042, 1381, 839, 0, 10.31%, 49, 32, 12, 17.17, 1329176, 2045, 701, 0
2069, 0, 784, 1381, 836, 0, 10.31%, 49, 32, 12, 142.22, 1337020, 2045, 706, 0
2075, 0, 784, 1381, 836, 0, 10.31%, 49, 32, 12, 149.71, 1337889, 2045, 706, 0
2080, 0, 1167, 1381, 829, 0, 10.31%, 49, 32, 12, 1747.71, 1347880, 2045, 711, 0
2085, 0, 620, 1381, 823, 0, 10.31%, 49, 32, 12, 345.05, 1354906, 2045, 713, 0
2090, 0, 766, 1381, 822, 0, 10.31%, 49, 32, 12, 66.94, 1356783, 2045, 713, 0
2095, 0, 766, 1381, 822, 0, 10.31%, 49, 32, 12, 35.33, 1357156, 2045, 713, 0
2100, 0, 766, 1381, 822, 0, 10.31%, 49, 32, 12, 37.72, 1357389, 2045, 713, 0
2105, 0, 996, 1381, 820, 0, 10.31%, 49, 32, 12, 467.81, 1359211, 2045, 714, 0
2111, 0, 184, 1382, 819, 0, 10.31%, 49, 32, 12, 2842.78, 1369829, 2045, 717, 0
2116, 0, 1205, 1384, 817, 0, 10.31%, 49, 32, 12, 3536.36, 1375190, 2045, 719, 0
2121, 0, 1373, 1387, 817, 0, 10.31%, 49, 32, 13, 1928.44, 1382967, 2045, 719, 0
2127, 0, 1387, 1388, 814, 1, 10.31%, 49, 32, 13, 2651.92, 1392622, 2045, 721, 0
2132, 0, 1279, 1388, 808, 0, 10.31%, 49, 32, 13, 677.98, 1400954, 2045, 724, 0
2137, 0, 738, 1388, 802, 0, 10.31%, 49, 32, 13, 2245.92, 1407849, 2045, 727, 0
2142, 0, 953, 1388, 796, 0, 10.31%, 49, 32, 13, 2080.00, 1416102, 2045, 727, 0
2147, 0, 1107, 1388, 795, 0, 10.31%, 49, 32, 13, 3.97, 1418334, 2045, 727, 0
2153, 0, 1137, 1388, 788, 0, 10.31%, 49, 32, 13, 3464.96, 1427057, 2045, 728, 0
2158, 0, 762, 1388, 787, 0, 10.31%, 49, 32, 13, 1656.86, 1428809, 2045, 728, 0
2163, 0, 726, 1388, 780, 0, 10.31%, 49, 32, 13, 2035.40, 1435639, 2045, 733, 0
2169, 0, 746, 1388, 776, 0, 10.31%, 49, 32, 13, 457.09, 1444434, 2045, 733, 0
2174, 0, 1235, 1388, 772, 0, 10.31%, 49, 32, 13, 3386.28, 1449959, 2045, 736, 0
2180, 0, 366, 1389, 769, 0, 10.31%, 49, 32, 13, 5.81, 1454110, 2046, 736, 0
2185, 0, 1149, 1390, 765, 0, 10.31%, 49, 32, 13, 56.39, 1461879, 2046, 738, 0
2190, 0, 748, 1390, 762, 0, 10.31%, 49, 32, 13, 92.01, 1464625, 2046, 740, 0
2195, 0, 1139, 1390, 761, 0, 10.31%, 49, 32, 13, 63.89, 1469068, 2046, 742, 0
2200, 0, 1028, 1390, 756, 0, 10.31%, 49, 32, 13, 293.45, 1475549, 2046, 743, 0
2205, 0, 756, 1390, 755, 0, 10.31%, 49, 32, 13, 2037.50, 1477973, 2046, 743, 0
2210, 0, 1143, 1391, 747, 0, 10.31%, 49, 32, 13, 67.73, 1484514, 2046, 747, 0
2215, 0, 1378, 1391, 744, 0, 10.31%, 49, 32, 13, 489.61, 1488257, 2046, 747, 0
2221, 0, 1096, 1391, 739, 0, 10.31%, 49, 32, 13, 39.79, 1493447, 2046, 748, 0
2226, 0, 649, 1392, 734, 0, 10.31%, 49, 32, 13, 1472.58, 1501863, 2046, 751, 0
2232, 0, 1161, 1392, 731, 0, 10.31%, 49, 32, 13, 839.00, 1505309, 2046, 754, 0
2237, 0, 1301, 1393, 726, 0, 10.31%, 49, 34, 13, 5178.63, 1514600, 2046, 756, 0
2243, 0, 728, 1393, 726, 0, 10.31%, 49, 34, 13, 447.45, 1517854, 2046, 756, 0
2248, 0, 1041, 1394, 719, 0, 10.31%, 50, 34, 13, 2565.70, 1525785, 2046, 758, 0
2254, 0, 1067, 1394, 714, 0, 10.31%, 50, 34, 13, 48.32, 1533491, 2046, 761, 0
2260, 0, 1150, 1395, 710, 0, 10.31%, 50, 34, 13, 1403.55, 1538706, 2046, 774, 0
2267, 0, 742, 1395, 708, 0, 10.31%, 50, 34, 13, 204.03, 1543028, 2046, 775, 0
2273, 0, 1342, 1396, 707, 0, 10.31%, 50, 34, 13, 56.64, 1545981, 2046, 777, 0
2278, 0, 1314, 1396, 705, 0, 10.31%, 50, 34, 13, 229.96, 1548742, 2046, 779, 0
2283, 0, 1094, 1396, 702, 0, 10.31%, 50, 34, 13, 1915.49, 1550389, 2046, 782, 0
2288, 0, 768, 1396, 702, 0, 10.31%, 50, 34, 13, 1221.15, 1551284, 2046, 782, 0
2293, 0, 724, 1397, 699, 0, 10.31%, 50, 34, 13, 3564.50, 1556634, 2046, 784, 0
2298, 0, 1146, 1397, 699, 0, 10.31%, 50, 34, 13, 86.35, 1557132, 2046, 784, 0
2303, 0, 714, 1398, 697, 0, 10.31%, 50, 34, 13, 189.92, 1562012, 2046, 789, 0
2308, 0, 734, 1398, 695, 0, 10.31%, 50, 34, 13, 807.01, 1565335, 2046, 790, 0
2314, 0, 1284, 1398, 691, 0, 10.31%, 50, 34, 13, 288.51, 1569537, 2046, 795, 0
2319, 0, 1284, 1398, 691, 0, 10.31%, 50, 34, 13, 52.73, 1569843, 2046, 795, 0
2324, 0, 1156, 1398, 684, 0, 10.31%, 50, 34, 13, 174.66, 1574278, 2046, 798, 0
2329, 0, 1296, 1398, 680, 0, 10.31%, 50, 34, 13, 423.43, 1584417, 2046, 801, 0
2334, 0, 1138, 1398, 679, 0, 10.31%, 50, 34, 13, 43.72, 1586846, 2046, 802, 0
2340, 1, 1124, 1398, 670, 0, 10.31%, 50, 34, 13, 385.22, 1595227, 2046, 804, 0
2347, 1, 1162, 1398, 669, 0, 10.31%, 50, 34, 13, 163.95, 1596719, 2046, 804, 0
2352, 1, 1326, 1398, 668, 0, 10.31%, 50, 34, 13, 41.85, 1597328, 2046, 804, 0
2357, 1, 745, 1399, 660, 0, 10.31%, 50, 34, 13, 241.31, 1607424, 2046, 806, 0
2362, 1, 743, 1399, 651, 0, 10.31%, 50, 34, 13, 1281.92, 1613749, 2046, 808, 0
2367, 1, 759, 1399, 650, 0, 10.31%, 50, 34, 13, 70.74, 1615433, 2046, 808, 0
2373, 1, 1306, 1399, 647, 0, 10.31%, 50, 34, 13, 70.02, 1617083, 2046, 812, 0
2378, 1, 741, 1399, 637, 0, 10.31%, 50, 34, 13, 2118.23, 1622719, 2046, 817, 0
2383, 1, 755, 1399, 633, 0, 10.31%, 50, 34, 13, 207.86, 1627401, 2046, 818, 0
2388, 1, 1399, 1400, 633, 1, 10.32%, 50, 34, 13, 79.56, 1628581, 2048, 818, 0
2394, 1, 619, 1401, 628, 0, 10.32%, 50, 34, 13, 754.60, 1634776, 2048, 818, 0
2399, 1, 819, 1406, 626, 0, 10.33%, 50, 34, 14, 3468.44, 1647003, 2050, 818, 0
2404, 1, 1153, 1407, 623, 0, 10.33%, 50, 34, 15, 73.34, 1652168, 2050, 818, 0
2409, 1, 1315, 1407, 621, 0, 10.33%, 50, 34, 15, 290.23, 1654264, 2050, 818, 0
2414, 1, 777, 1407, 617, 0, 10.33%, 50, 34, 15, 272.87, 1658762, 2050, 818, 0
2419, 1, 777, 1407, 617, 0, 10.33%, 50, 34, 15, 42.49, 1659333, 2050, 818, 0
2424, 1, 1149, 1407, 615, 0, 10.33%, 50, 34, 15, 82.07, 1664242, 2050, 818, 0
2429, 1, 948, 1408, 611, 0, 10.34%, 50, 34, 15, 208.48, 1668314, 2051, 830, 0
2434, 1, 1078, 1408, 606, 0, 10.34%, 50, 34, 15, 1206.00, 1673036, 2051, 839, 0
2439, 1, 612, 1408, 601, 0, 10.34%, 50, 34, 15, 2676.62, 1679525, 2051, 841, 0
2444, 1, 653, 1410, 595, 0, 10.34%, 50, 34, 15, 747.92, 1688792, 2051, 844, 0
2449, 1, 1028, 1410, 588, 0, 10.34%, 50, 34, 15, 579.30, 1696098, 2051, 846, 0
2455, 1, 1166, 1410, 583, 0, 10.34%, 50, 34, 15, 488.69, 1701792, 2051, 847, 0
2460, 1, 1156, 1410, 576, 0, 10.34%, 50, 34, 15, 174.86, 1707968, 2051, 850, 0
2465, 1, 1147, 1410, 571, 0, 10.34%, 50, 34, 15, 723.23, 1711863, 2051, 850, 0
2471, 1, 1401, 1411, 564, 0, 10.34%, 50, 34, 15, 413.09, 1718712, 2051, 853, 0
2477, 1, 817, 1411, 564, 0, 10.34%, 50, 34, 15, 3444.01, 1725385, 2051, 853, 0
2482, 1, 1276, 1412, 558, 0, 10.34%, 50, 34, 15, 5009.90, 1732587, 2051, 862, 0
2488, 1, 1393, 1415, 559, 0, 10.34%, 50, 35, 15, 439.21, 1736652, 2051, 865, 0
2494, 1, 1393, 1417, 561, 0, 10.34%, 50, 35, 15, 235.08, 1738996, 2051, 867, 0
2500, 1, 1393, 1419, 563, 0, 10.34%, 50, 35, 15, 1149.28, 1741368, 2052, 869, 0
2506, 1, 1393, 1420, 564, 0, 10.34%, 50, 35, 15, 11.90, 1742927, 2052, 872, 0
2512, 1, 1417, 1428, 571, 1, 10.34%, 50, 36, 15, 369.08, 1747779, 2052, 873, 0
2517, 1, 1417, 1428, 571, 1, 10.34%, 50, 36, 15, 21.80, 1748688, 2052, 873, 0
2522, 1, 1417, 1428, 571, 1, 10.34%, 50, 36, 15, 1834.04, 1750423, 2052, 873, 0
2528, 1, 1417, 1429, 572, 1, 10.34%, 50, 37, 15, 489.61, 1752948, 2052, 874, 0
2533, 1, 1417, 1429, 572, 1, 10.34%, 50, 37, 15, 61.13, 1754333, 2052, 874, 0
2538, 1, 1417, 1429, 572, 1, 10.34%, 50, 37, 15, 185.57, 1755185, 2052, 874, 0
2544, 1, 1417, 1429, 572, 1, 10.34%, 50, 37, 15, 427.51, 1757264, 2052, 874, 0
2550, 1, 1086, 1429, 567, 0, 10.34%, 50, 37, 15, 133.07, 1766653, 2052, 876, 0
2555, 1, 1352, 1430, 561, 0, 10.34%, 50, 37, 15, 91.03, 1773433, 2052, 877, 0
2560, 1, 1352, 1430, 561, 0, 10.34%, 50, 37, 15, 34.85, 1773902, 2052, 877, 0
2566, 1, 1118, 1430, 556, 0, 10.34%, 50, 37, 15, 2654.85, 1781798, 2052, 877, 0
2571, 1, 530, 1430, 549, 0, 10.34%, 50, 37, 15, 2604.74, 1790375, 2052, 880, 0
2576, 1, 1151, 1430, 546, 0, 10.34%, 50, 37, 15, 80.99, 1793538, 2052, 880, 0
2581, 1, 1114, 1430, 539, 0, 10.34%, 50, 37, 15, 183.41, 1798892, 2052, 881, 0
2586, 1, 1052, 1430, 528, 0, 10.34%, 50, 37, 15, 3318.62, 1810212, 2052, 884, 0
2591, 1, 111, 1430, 525, 0, 10.34%, 50, 37, 15, 2079.37, 1815323, 2052, 887, 0
2597, 1, 1426, 1431, 522, 0, 10.34%, 50, 37, 15, 124.33, 1819006, 2052, 887, 0
2603, 1, 644, 1431, 522, 0, 10.34%, 50, 37, 15, 3746.82, 1824979, 2052, 887, 0
2608, 1, 752, 1431, 515, 0, 10.34%, 50, 37, 15, 253.94, 1836450, 2052, 887, 0
2613, 1, 876, 1431, 513, 0, 10.34%, 50, 37, 15, 1310.00, 1839691, 2052, 887, 0
2618, 1, 639, 1431, 504, 0, 10.34%, 50, 37, 15, 2169.30, 1848714, 2052, 887, 0
2623, 1, 1144, 1431, 504, 0, 10.34%, 50, 37, 15, 65.95, 1849568, 2052, 887, 0
2628, 1, 1245, 1431, 503, 0, 10.34%, 50, 37, 15, 860.74, 1850357, 2052, 887, 0
2633, 1, 52, 1432, 494, 0, 10.34%, 50, 37, 15, 4939.70, 1864953, 2052, 891, 0
2638, 1, 854, 1432, 490, 0, 10.34%, 50, 37, 15, 99.48, 1867582, 2052, 891, 0
2643, 1, 1192, 1432, 485, 0, 10.34%, 50, 37, 15, 2536.05, 1871639, 2052, 891, 0
2648, 1, 1330, 1432, 483, 0, 10.34%, 50, 37, 15, 56.70, 1878464, 2052, 891, 0
2653, 1, 836, 1432, 477, 0, 10.34%, 50, 37, 15, 1418.11, 1885532, 2052, 893, 0
2658, 1, 1305, 1432, 472, 0, 10.34%, 50, 37, 15, 1638.78, 1890591, 2052, 894, 0
2664, 1, 1400, 1455, 489, 0, 10.34%, 50, 38, 15, 235.57, 1897946, 2052, 894, 0
2669, 1, 1400, 1461, 495, 0, 10.34%, 50, 38, 15, 700.00, 1901595, 2052, 894, 0
2675, 1, 1310, 1467, 500, 0, 10.34%, 50, 38, 15, 375.52, 1906291, 2052, 898, 0
2680, 1, 1310, 1470, 503, 0, 10.34%, 51, 38, 15, 228.75, 1908744, 2052, 908, 0
2686, 1, 1310, 1470, 503, 0, 10.34%, 51, 38, 15, 85.95, 1910289, 2052, 908, 0
2691, 1, 1226, 1470, 501, 0, 10.34%, 51, 38, 15, 214.14, 1916553, 2052, 909, 0
2697, 1, 1465, 1482, 511, 0, 10.34%, 51, 39, 15, 4169.15, 1924262, 2052, 909, 0
2702, 1, 1227, 1483, 511, 0, 10.34%, 51, 39, 15, 64.19, 1927139, 2052, 909, 0
2707, 1, 1468, 1483, 507, 0, 10.34%, 51, 39, 15, 347.08, 1931239, 2052, 910, 0
2712, 1, 1140, 1483, 506, 0, 10.34%, 51, 39, 15, 74.25, 1932025, 2052, 913, 0
2718, 1, 721, 1483, 500, 0, 10.34%, 51, 40, 15, 165.02, 1935835, 2052, 914, 0
2723, 1, 724, 1484, 491, 0, 10.34%, 51, 40, 15, 238.96, 1947405, 2052, 918, 0
2728, 1, 773, 1486, 485, 0, 10.34%, 51, 40, 15, 194.17, 1956868, 2052, 919, 0
2734, 1, 1339, 1486, 476, 0, 10.34%, 51, 40, 15, 538.15, 1963907, 2052, 923, 0
2739, 1, 1356, 1486, 475, 0, 10.34%, 51, 40, 15, 447.74, 1965316, 2052, 925, 0
2744, 1, 1386, 1486, 469, 0, 10.34%, 51, 41, 15, 2760.00, 1970092, 2052, 925, 0
2749, 1, 1163, 1486, 465, 0, 10.34%, 51, 42, 15, 11.99, 1975134, 2052, 930, 0
2758, 1, 1163, 1488, 467, 0, 10.34%, 51, 42, 15, 5.13, 1975181, 2052, 930, 0
2764, 1, 1163, 1489, 468, 0, 10.34%, 51, 42, 15, 5.51, 1975230, 2052, 931, 0
2770, 1, 1163, 1490, 469, 0, 10.34%, 51, 42, 15, 12.25, 1975274, 2052, 931, 0
2775, 1, 1163, 1490, 469, 0, 10.34%, 51, 42, 15, 28.40, 1975328, 2052, 931, 0
2780, 1, 1163, 1490, 469, 0, 10.34%, 51, 42, 15, 15.77, 1975396, 2052, 931, 0
2785, 1, 1163, 1490, 469, 0, 10.34%, 51, 42, 15, 21.92, 1975440, 2052, 931, 0
2791, 1, 1163, 1490, 469, 0, 10.34%, 51, 42, 15, 2.29, 1975485, 2052, 931, 0
2796, 1, 1163, 1490, 469, 0, 10.34%, 51, 42, 15, 3.44, 1975544, 2052, 931, 0
2801, 1, 1163, 1490, 469, 0, 10.34%, 51, 42, 15, 31.80, 1975607, 2052, 931, 0
2806, 1, 1134, 1490, 468, 0, 10.34%, 51, 42, 15, 78.16, 1976213, 2052, 931, 0
2812, 1, 1381, 1490, 464, 0, 10.34%, 51, 42, 15, 3117.09, 1989057, 2052, 931, 0
2817, 1, 1094, 1490, 462, 0, 10.34%, 51, 43, 15, 3.28, 1991907, 2052, 931, 0
2822, 1, 1335, 1490, 459, 0, 10.34%, 51, 43, 15, 46.37, 1998670, 2052, 933, 0
2827, 1, 837, 1490, 458, 0, 10.34%, 51, 43, 15, 1310.00, 1999175, 2052, 933, 0
2832, 1, 1041, 1490, 451, 0, 10.34%, 51, 43, 15, 2194.09, 2012101, 2052, 935, 0
2837, 1, 1358, 1492, 441, 0, 10.34%, 51, 43, 15, 3575.15, 2025387, 2052, 939, 0
2842, 1, 1369, 1492, 435, 0, 10.34%, 51, 44, 15, 3131.68, 2031419, 2052, 940, 0
2848, 1, 1128, 1493, 434, 0, 10.34%, 51, 44, 15, 463.24, 2035033, 2052, 940, 0
2853, 1, 1492, 1497, 434, 0, 10.34%, 51, 45, 15, 2459.98, 2038452, 2052, 941, 0
2858, 1, 274, 1504, 438, 0, 10.34%, 51, 46, 15, 3839.09, 2047822, 2052, 942, 0
2869, 1, 1471, 1506, 432, 0, 10.34%, 51, 46, 15, 66.58, 2057754, 2052, 948, 0
2874, 1, 808, 1506, 429, 0, 10.34%, 51, 46, 15, 1692.24, 2066659, 2052, 952, 0
2880, 1, 977, 1506, 426, 0, 10.34%, 51, 47, 15, 195.41, 2070465, 2052, 953, 0
2886, 1, 1013, 1509, 423, 0, 10.34%, 51, 47, 15, 128.97, 2080670, 2052, 955, 0
2891, 1, 1149, 1509, 421, 0, 10.34%, 51, 47, 15, 83.33, 2083183, 2052, 958, 0
2897, 1, 1486, 1509, 420, 0, 10.34%, 51, 47, 15, 14.06, 2085472, 2052, 960, 0
2902, 1, 1429, 1509, 419, 0, 10.34%, 51, 47, 15, 36.26, 2085666, 2052, 960, 0
2907, 1, 1412, 1509, 418, 0, 10.34%, 51, 48, 15, 60.30, 2086897, 2052, 962, 0
2913, 1, 1422, 1510, 417, 0, 10.34%, 51, 49, 15, 282.13, 2093591, 2052, 962, 0
2918, 1, 1486, 1510, 411, 0, 10.34%, 51, 49, 15, 9.59, 2097803, 2052, 962, 0
2924, 1, 1148, 1510, 405, 0, 10.34%, 51, 50, 15, 457.18, 2104746, 2052, 965, 0
2930, 1, 1309, 1510, 404, 0, 10.34%, 51, 50, 15, 1753.49, 2107082, 2052, 969, 0
2935, 1, 1480, 1510, 401, 0, 10.34%, 51, 50, 15, 13.90, 2111661, 2052, 969, 0
2941, 1, 953, 1510, 397, 0, 10.34%, 51, 50, 15, 581.68, 2116019, 2052, 971, 0
2946, 1, 1423, 1511, 395, 0, 10.34%, 51, 50, 15, 463.50, 2121301, 2052, 975, 0
2952, 1, 74, 1511, 394, 0, 10.34%, 51, 50, 15, 1404.11, 2127335, 2052, 976, 0
2957, 1, 1395, 1512, 392, 0, 10.34%, 51, 51, 15, 166.35, 2130834, 2052, 985, 0
2967, 1, 1110, 1512, 391, 0, 10.34%, 51, 51, 15, 2.98, 2131225, 2052, 985, 0
2972, 1, 1423, 1512, 388, 0, 10.34%, 51, 51, 15, 35.61, 2134571, 2052, 987, 0
2978, 1, 1416, 1512, 385, 0, 10.34%, 51, 52, 15, 196.41, 2139535, 2052, 990, 0
2983, 1, 1152, 1512, 385, 0, 10.34%, 51, 52, 15, 115.27, 2140509, 2052, 991, 0
2988, 1, 699, 1512, 378, 0, 10.34%, 51, 52, 15, 745.09, 2146244, 2052, 997, 0
2993, 1, 1419, 1512, 375, 0, 10.34%, 51, 52, 15, 62.40, 2152967, 2052, 997, 0
2998, 1, 851, 1512, 373, 0, 10.34%, 51, 52, 15, 2420.56, 2155407, 2052, 998, 0
3003, 1, 1329, 1512, 367, 0, 10.34%, 51, 52, 15, 104.14, 2158369, 2052, 1001, 0
3009, 1, 1319, 1512, 364, 0, 10.34%, 51, 52, 15, 91.30, 2161978, 2052, 1001, 0
3014, 1, 1177, 1512, 361, 0, 10.34%, 51, 52, 15, 182.30, 2163966, 2052, 1002, 0
3019, 1, 760, 1512, 360, 0, 10.34%, 51, 52, 15, 180.33, 2165491, 2052, 1002, 0
3025, 1, 1467, 1512, 352, 0, 10.34%, 51, 52, 15, 505.19, 2173995, 2052, 1007, 0
3030, 1, 1142, 1512, 347, 0, 10.34%, 51, 52, 15, 72.34, 2179143, 2052, 1009, 0
3035, 1, 1504, 1512, 342, 0, 10.34%, 51, 52, 15, 284.80, 2183445, 2052, 1009, 0
3040, 1, 711, 1512, 338, 0, 10.34%, 51, 52, 15, 3036.00, 2192616, 2052, 1011, 0
3045, 1, 482, 1512, 331, 0, 10.34%, 51, 53, 15, 1199.16, 2200861, 2052, 1014, 0
3050, 1, 1182, 1512, 324, 0, 10.34%, 51, 53, 15, 1780.99, 2207879, 2052, 1017, 0
3055, 1, 852, 1513, 315, 0, 10.34%, 51, 53, 15, 1035.80, 2217729, 2052, 1023, 0
3060, 1, 1250, 1513, 309, 0, 10.34%, 51, 53, 15, 2645.96, 2224796, 2052, 1030, 0
3065, 1, 1406, 1513, 308, 0, 10.34%, 51, 53, 15, 3930.00, 2227812, 2052, 1031, 0
3070, 1, 720, 1513, 301, 0, 10.34%, 51, 53, 15, 2146.52, 2234651, 2052, 1035, 0
3076, 1, 778, 1513, 298, 0, 10.34%, 51, 53, 15, 1748.91, 2241761, 2052, 1035, 0
3081, 1, 1390, 1513, 291, 0, 10.34%, 51, 53, 15, 115.09, 2246308, 2052, 1036, 0
3086, 1, 710, 1513, 287, 0, 10.34%, 51, 53, 15, 4472.61, 2249899, 2052, 1036, 0
3091, 1, 720, 1513, 282, 0, 10.34%, 51, 53, 15, 2358.85, 2256707, 2052, 1038, 0
3097, 1, 1473, 1513, 282, 0, 10.34%, 51, 54, 15, 135.99, 2257715, 2052, 1038, 0
3102, 1, 1282, 1513, 280, 0, 10.34%, 51, 55, 15, 3059.70, 2266048, 2052, 1039, 0
3107, 1, 883, 1513, 276, 0, 10.34%, 51, 55, 15, 138.83, 2271059, 2052, 1040, 0
3112, 1, 124, 1513, 271, 0, 10.34%, 51, 55, 15, 3358.71, 2281600, 2052, 1042, 0
3118, 1, 1028, 1513, 263, 0, 10.34%, 51, 55, 15, 2585.48, 2290166, 2052, 1045, 0
3123, 1, 491, 1513, 259, 0, 10.34%, 51, 55, 15, 254.39, 2296002, 2052, 1045, 0
3128, 1, 586, 1513, 258, 0, 10.34%, 51, 55, 15, 2390.52, 2302565, 2052, 1046, 0
3133, 1, 874, 1513, 252, 0, 10.34%, 51, 55, 15, 308.84, 2312749, 2052, 1052, 0
3138, 1, 874, 1513, 252, 0, 10.34%, 51, 55, 15, 40.34, 2313004, 2052, 1052, 0
3143, 1, 874, 1513, 252, 0, 10.34%, 51, 55, 15, 38.43, 2313408, 2052, 1052, 0
3149, 1, 874, 1513, 252, 0, 10.34%, 51, 55, 15, 39.11, 2313670, 2052, 1052, 0
3154, 1, 552, 1513, 245, 0, 10.34%, 51, 55, 15, 2004.16, 2320877, 2052, 1053, 0
3160, 1, 811, 1513, 243, 0, 10.34%, 51, 55, 15, 1507.32, 2325329, 2052, 1054, 0
3165, 1, 768, 1513, 238, 0, 10.34%, 51, 55, 15, 59.41, 2330735, 2052, 1056, 0
3170, 1, 1454, 1513, 235, 0, 10.34%, 51, 55, 15, 3421.93, 2336829, 2052, 1061, 0
3176, 1, 1427, 1513, 235, 0, 10.34%, 51, 57, 15, 99.32, 2340057, 2052, 1064, 0
3181, 1, 1286, 1513, 233, 0, 10.34%, 51, 57, 15, 114.36, 2343496, 2052, 1065, 0
3186, 1, 975, 1513, 228, 0, 10.34%, 51, 57, 15, 2373.36, 2348047, 2052, 1067, 0
3191, 1, 1375, 1513, 222, 0, 10.34%, 51, 57, 15, 125.93, 2356859, 2052, 1071, 0
3197, 1, 143, 1514, 222, 0, 10.34%, 51, 58, 15, 4355.45, 2363913, 2052, 1071, 0
3202, 1, 774, 1514, 221, 0, 10.34%, 51, 58, 15, 65.87, 2364867, 2052, 1071, 0
3207, 1, 672, 1514, 220, 0, 10.34%, 51, 58, 15, 3480.00, 2366658, 2052, 1072, 0
3213, 1, 1404, 1514, 217, 0, 10.34%, 51, 58, 15, 74.02, 2372620, 2052, 1076, 0
3218, 1, 736, 1515, 217, 0, 10.34%, 51, 58, 15, 108.91, 2373159, 2052, 1076, 0
3224, 1, 1394, 1515, 215, 0, 10.34%, 51, 58, 15, 9.93, 2375415, 2052, 1080, 0
3229, 1, 1301, 1515, 212, 0, 10.34%, 51, 58, 15, 1200.52, 2379690, 2052, 1085, 0
3234, 1, 701, 1515, 208, 0, 10.34%, 51, 58, 15, 4361.63, 2389431, 2052, 1089, 0
3241, 1, 1155, 1515, 207, 0, 10.34%, 51, 58, 15, 52.35, 2390486, 2052, 1090, 0
3246, 1, 970, 1515, 205, 0, 10.34%, 51, 58, 15, 788.12, 2392016, 2052, 1090, 0
3251, 1, 1473, 1515, 198, 0, 10.34%, 51, 58, 15, 1867.51, 2401218, 2052, 1095, 0
3256, 1, 996, 1515, 193, 0, 10.34%, 51, 58, 15, 2249.96, 2408947, 2052, 1098, 0
3261, 1, 218, 1515, 193, 0, 10.34%, 51, 58, 15, 517.25, 2410050, 2052, 1099, 0
3267, 1, 754, 1515, 188, 0, 10.34%, 51, 58, 15, 110.28, 2416292, 2052, 1102, 0
3272, 1, 1182, 1515, 186, 0, 10.34%, 51, 58, 15, 3315.00, 2419707, 2052, 1103, 0
3277, 1, 1148, 1515, 184, 0, 10.34%, 51, 58, 15, 81.35, 2423531, 2052, 1108, 0
3283, 1, 1418, 1515, 183, 0, 10.34%, 51, 58, 15, 293.37, 2427576, 2052, 1109, 0
3288, 1, 1389, 1515, 180, 0, 10.34%, 51, 58, 15, 3053.46, 2433864, 2052, 1109, 0
3293, 1, 1282, 1515, 176, 0, 10.34%, 51, 58, 15, 340.48, 2438843, 2052, 1110, 0
3300, 1, 1149, 1515, 171, 0, 10.34%, 51, 58, 15, 281.48, 2443951, 2052, 1113, 0
3305, 1, 1404, 1516, 172, 0, 10.34%, 51, 58, 15, 128.10, 2444563, 2052, 1113, 0
3310, 1, 1279, 1516, 163, 0, 10.34%, 51, 58, 15, 2762.09, 2455290, 2052, 1121, 0
3315, 1, 1503, 1516, 160, 0, 10.34%, 51, 58, 15, 2969.62, 2463271, 2052, 1124, 0
3320, 1, 1406, 1516, 158, 0, 10.34%, 51, 58, 15, 2764.68, 2465787, 2052, 1124, 0
3325, 1, 671, 1516, 156, 0, 10.34%, 51, 58, 15, 3360.92, 2476312, 2052, 1124, 0
3330, 1, 875, 1516, 152, 0, 10.34%, 51, 58, 15, 72.85, 2480411, 2052, 1129, 0
3336, 1, 875, 1516, 152, 0, 10.34%, 51, 58, 15, 41.63, 2480576, 2052, 1129, 0
3341, 1, 875, 1516, 152, 0, 10.34%, 51, 58, 15, 31.58, 2480942, 2052, 1129, 0
3346, 1, 875, 1516, 152, 0, 10.34%, 51, 58, 15, 31.78, 2481107, 2052, 1129, 0
3351, 1, 720, 1516, 151, 0, 10.34%, 51, 58, 15, 3272.76, 2483196, 2052, 1129, 0
3356, 1, 1397, 1516, 148, 0, 10.34%, 51, 58, 15, 200.24, 2487587, 2052, 1131, 0
3361, 1, 1397, 1516, 148, 0, 10.34%, 51, 58, 15, 95.42, 2488260, 2052, 1131, 0
3366, 1, 1513, 1516, 146, 0, 10.34%, 51, 58, 15, 1413.49, 2491806, 2052, 1136, 0
3371, 1, 1051, 1516, 141, 0, 10.34%, 51, 58, 15, 2267.50, 2501145, 2052, 1138, 0
3377, 1, 763, 1516, 133, 0, 10.34%, 51, 58, 15, 4897.20, 2515476, 2052, 1146, 0
3384, 1, 878, 1516, 129, 0, 10.34%, 51, 58, 15, 588.83, 2523850, 2052, 1148, 0
3389, 1, 1363, 1517, 128, 0, 10.34%, 51, 59, 15, 3108.78, 2528405, 2052, 1150, 0
3394, 1, 1098, 1519, 124, 0, 10.34%, 52, 59, 15, 5522.73, 2537791, 2052, 1154, 0
3400, 1, 652, 1519, 120, 0, 10.34%, 52, 59, 15, 1256.32, 2542906, 2052, 1155, 0
3405, 1, 1151, 1519, 119, 0, 10.34%, 52, 59, 15, 190.94, 2544398, 2052, 1158, 0
3410, 1, 1295, 1519, 118, 0, 10.34%, 52, 59, 15, 125.63, 2546113, 2052, 1159, 0
3415, 1, 865, 1519, 117, 0, 10.34%, 52, 59, 15, 342.67, 2549104, 2052, 1162, 0
3420, 1, 1157, 1519, 115, 0, 10.34%, 52, 59, 15, 77.64, 2551822, 2052, 1162, 0
3425, 1, 11, 1519, 114, 0, 10.34%, 52, 59, 15, 4161.67, 2557435, 2052, 1164, 0
3431, 1, 1463, 1519, 111, 0, 10.34%, 52, 59, 15, 291.86, 2563068, 2052, 1172, 0
3437, 1, 873, 1519, 107, 0, 10.34%, 52, 59, 15, 725.20, 2572228, 2052, 1176, 0
3442, 1, 1280, 1520, 107, 0, 10.34%, 52, 59, 15, 60.82, 2575342, 2052, 1179, 0
3447, 1, 1497, 1520, 106, 0, 10.34%, 52, 59, 15, 1330.89, 2576859, 2052, 1180, 0
3453, 1, 1493, 1524, 107, 0, 10.34%, 52, 60, 15, 137.14, 2585102, 2052, 1180, 0
3459, 1, 753, 1524, 107, 0, 10.34%, 52, 60, 15, 466.52, 2591764, 2052, 1180, 0
3464, 1, 1401, 1524, 106, 0, 10.34%, 52, 60, 15, 61.58, 2596868, 2052, 1181, 0
3469, 1, 1517, 1527, 108, 0, 10.34%, 52, 60, 15, 3062.89, 2607486, 2052, 1183, 0
3474, 1, 626, 1527, 105, 0, 10.34%, 52, 60, 15, 2401.14, 2611667, 2052, 1185, 0
3480, 1, 1514, 1528, 104, 0, 10.34%, 52, 60, 15, 83.53, 2614579, 2052, 1189, 0
3485, 1, 1084, 1528, 103, 0, 10.34%, 52, 62, 15, 335.00, 2616060, 2052, 1191, 0
3490, 1, 1132, 1528, 100, 0, 10.34%, 52, 62, 15, 2179.38, 2623086, 2052, 1194, 0
3495, 1, 875, 1528, 96, 0, 10.34%, 52, 62, 15, 262.48, 2630502, 2052, 1196, 0
3500, 1, 1528, 1533, 98, 0, 10.34%, 52, 62, 15, 915.15, 2638286, 2052, 1198, 0
3505, 1, 865, 1534, 94, 0, 10.34%, 52, 62, 15, 239.96, 2643477, 2052, 1198, 0
3512, 2, 1537, 1539, 98, 1, 10.35%, 52, 62, 15, 3804.58, 2662570, 2054, 1203, 0
3517, 2, 1156, 1541, 98, 0, 10.35%, 52, 62, 15, 137.51, 2667450, 2054, 1203, 0
3522, 2, 711, 1541, 97, 0, 10.35%, 52, 62, 15, 287.49, 2672972, 2054, 1210, 0
3527, 2, 865, 1541, 93, 0, 10.35%, 52, 62, 15, 226.63, 2679152, 2054, 1212, 0
3533, 2, 1423, 1541, 91, 0, 10.35%, 52, 62, 15, 353.38, 2681671, 2054, 1216, 0
3539, 2, 1423, 1541, 91, 0, 10.35%, 52, 63, 15, 117.71, 2687759, 2054, 1218, 0
3544, 2, 705, 1541, 89, 0, 10.35%, 52, 63, 15, 89.78, 2698334, 2054, 1220, 0
3549, 2, 1519, 1541, 86, 0, 10.35%, 52, 63, 15, 26.82, 2703151, 2054, 1222, 0
3554, 2, 1519, 1541, 86, 0, 10.35%, 52, 63, 15, 26.22, 2703312, 2054, 1222, 0
3559, 2, 1519, 1541, 86, 0, 10.35%, 52, 63, 15, 25.84, 2703700, 2054, 1222, 0
3566, 2, 1519, 1541, 86, 0, 10.35%, 52, 63, 15, 27.55, 2703912, 2054, 1222, 0
3572, 2, 671, 1543, 87, 0, 10.35%, 52, 63, 15, 1745.30, 2708108, 2054, 1222, 0
3577, 2, 1067, 1543, 86, 0, 10.35%, 52, 63, 15, 348.71, 2710347, 2054, 1225, 0
3582, 2, 1145, 1543, 86, 0, 10.35%, 52, 63, 15, 20.23, 2711191, 2054, 1226, 0
3587, 2, 1340, 1544, 86, 0, 10.35%, 52, 63, 15, 3345.78, 2717389, 2054, 1228, 0
3592, 2, 1540, 1559, 100, 0, 10.35%, 52, 63, 15, 2551.43, 2724589, 2054, 1233, 0
3598, 2, 1399, 1562, 101, 0, 10.35%, 52, 63, 15, 350.88, 2730299, 2054, 1238, 0
3603, 2, 1061, 1567, 104, 0, 10.35%, 52, 64, 15, 39.33, 2741310, 2054, 1248, 0
3609, 2, 1423, 1567, 103, 0, 10.35%, 52, 64, 15, 121.06, 2743909, 2054, 1248, 0
3614, 2, 1559, 1567, 100, 0, 10.35%, 52, 64, 15, 3025.00, 2753762, 2054, 1251, 0
3619, 2, 761, 1567, 98, 0, 10.35%, 52, 64, 15, 159.39, 2758763, 2054, 1257, 0
3624, 2, 761, 1567, 98, 0, 10.35%, 52, 64, 15, 55.81, 2759376, 2054, 1257, 0
3629, 2, 1156, 1567, 97, 0, 10.35%, 52, 64, 15, 170.60, 2762217, 2054, 1261, 0
3634, 2, 826, 1567, 97, 0, 10.35%, 52, 64, 15, 1011.60, 2764084, 2054, 1264, 0
3641, 2, 333, 1568, 97, 0, 10.35%, 52, 64, 15, 47.43, 2768886, 2054, 1270, 0
3646, 2, 1423, 1570, 96, 0, 10.35%, 52, 64, 15, 333.63, 2777034, 2054, 1274, 0
3651, 2, 987, 1570, 95, 0, 10.35%, 52, 64, 15, 2923.43, 2785071, 2054, 1275, 0
3656, 2, 652, 1570, 94, 0, 10.35%, 52, 64, 15, 246.58, 2793850, 2054, 1279, 0
3663, 2, 1555, 1576, 99, 0, 10.35%, 52, 65, 15, 368.83, 2812415, 2054, 1285, 0
3669, 2, 1538, 1583, 105, 0, 10.35%, 52, 65, 15, 2571.70, 2829801, 2054, 1288, 0
3674, 2, 720, 1583, 105, 0, 10.35%, 52, 65, 15, 3677.30, 2832976, 2054, 1288, 0
3679, 2, 1156, 1583, 104, 0, 10.35%, 52, 65, 15, 170.61, 2835347, 2054, 1289, 0
3684, 2, 1149, 1583, 102, 0, 10.35%, 52, 65, 15, 73.83, 2839213, 2054, 1293, 0
3690, 2, 1558, 1584, 101, 0, 10.35%, 52, 65, 15, 316.61, 2847269, 2054, 1293, 0
3695, 2, 1576, 1587, 103, 0, 10.35%, 52, 65, 15, 11.80, 2850340, 2054, 1294, 0
3700, 2, 968, 1591, 106, 0, 10.35%, 52, 65, 15, 1718.28, 2857621, 2054, 1294, 0
3706, 2, 1588, 1606, 121, 0, 10.35%, 52, 65, 15, 253.81, 2864424, 2054, 1295, 0
3706, 2, 1588, 1608, 123, 0, 10.35%, 52, 65, 15, 1865.02, 2865492, 2054, 1295, 0
