# relative_time, cycles_done, cur_item, corpus_count, pending_total, pending_favs, map_size, saved_crashes, saved_hangs, max_depth, execs_per_sec, total_execs, edges_found, total_crashes, servers_count
61, 0, 0, 232, 232, 7, 3.51%, 0, 0, 2, 398.75, 13101, 2298, 0, 0
66, 0, 0, 239, 239, 7, 3.56%, 0, 0, 2, 412.85, 15134, 2330, 0, 0
85, 0, 3, 254, 252, 63, 3.57%, 0, 0, 2, 4.82, 17773, 2340, 0, 0
92, 0, 3, 275, 273, 63, 3.62%, 0, 0, 2, 31.35, 18373, 2371, 0, 0
98, 0, 3, 276, 274, 63, 3.62%, 0, 0, 2, 32.41, 18498, 2371, 0, 0
106, 0, 3, 279, 277, 63, 3.63%, 0, 0, 2, 49.00, 18740, 2379, 0, 0
112, 0, 3, 282, 280, 63, 3.63%, 0, 0, 2, 15.82, 19054, 2381, 0, 0
117, 0, 3, 282, 280, 63, 3.63%, 0, 0, 2, 11.97, 19101, 2381, 0, 0
124, 0, 3, 293, 291, 63, 3.64%, 0, 0, 2, 76.78, 19719, 2387, 0, 0
129, 0, 3, 293, 291, 63, 3.64%, 0, 0, 2, 72.92, 19898, 2387, 0, 0
135, 0, 3, 306, 304, 63, 3.82%, 0, 0, 2, 27.09, 21007, 2502, 0, 0
140, 0, 3, 308, 306, 63, 3.82%, 0, 0, 2, 32.44, 21407, 2505, 0, 0
146, 0, 3, 311, 309, 63, 3.83%, 0, 0, 2, 18.31, 22144, 2507, 0, 0
152, 0, 3, 315, 313, 63, 3.83%, 0, 0, 2, 96.09, 23127, 2509, 0, 0
159, 0, 3, 315, 313, 63, 3.83%, 0, 0, 2, 30.73, 23402, 2509, 0, 0
164, 0, 3, 317, 315, 63, 3.83%, 0, 0, 2, 44.16, 24116, 2512, 0, 0
170, 0, 3, 320, 318, 63, 3.85%, 0, 0, 2, 13.18, 24633, 2520, 0, 0
177, 0, 3, 322, 320, 63, 3.85%, 0, 0, 2, 13.47, 24741, 2520, 0, 0
182, 0, 3, 323, 321, 63, 3.85%, 0, 0, 2, 114.60, 25061, 2520, 0, 0
189, 0, 3, 327, 325, 63, 3.88%, 0, 0, 2, 20.99, 25738, 2541, 0, 0
194, 0, 3, 327, 325, 63, 3.88%, 0, 0, 2, 27.03, 26166, 2541, 0, 0
201, 0, 3, 333, 331, 63, 3.88%, 0, 0, 2, 51.17, 27211, 2544, 0, 0
208, 0, 3, 337, 335, 63, 3.88%, 0, 0, 2, 56.53, 27791, 2544, 0, 0
213, 0, 3, 337, 335, 63, 3.88%, 0, 0, 2, 845.57, 28303, 2544, 0, 0
219, 0, 3, 337, 335, 63, 3.88%, 0, 0, 2, 25.69, 28510, 2544, 0, 0
225, 0, 3, 338, 336, 63, 3.88%, 0, 0, 2, 24.32, 29117, 2544, 0, 0
231, 0, 3, 340, 338, 63, 3.88%, 0, 0, 2, 20.25, 29718, 2544, 0, 0
237, 0, 3, 343, 341, 63, 3.88%, 0, 0, 2, 78.00, 30498, 2545, 0, 0
242, 0, 3, 343, 341, 63, 3.88%, 0, 0, 2, 10.61, 30595, 2545, 0, 0
247, 0, 3, 343, 341, 63, 3.88%, 0, 0, 2, 18.68, 30790, 2545, 0, 0
253, 0, 5, 363, 360, 73, 3.91%, 0, 0, 2, 1155.00, 32341, 2562, 0, 0
258, 0, 7, 400, 396, 76, 3.96%, 0, 0, 2, 376.02, 34801, 2595, 0, 0
263, 0, 7, 443, 439, 76, 4.01%, 0, 0, 2, 391.40, 35822, 2627, 0, 0
268, 0, 7, 444, 440, 76, 4.01%, 0, 0, 2, 33.57, 36137, 2627, 0, 0
273, 0, 8, 452, 447, 87, 4.01%, 0, 0, 2, 518.17, 37804, 2627, 0, 0
282, 0, 8, 465, 460, 87, 4.01%, 0, 0, 2, 3.34, 38290, 2627, 0, 0
289, 0, 8, 471, 466, 87, 4.01%, 0, 0, 2, 11.73, 38348, 2629, 0, 0
295, 0, 8, 474, 469, 87, 4.01%, 0, 0, 2, 10.77, 38372, 2629, 0, 0
300, 0, 8, 487, 482, 87, 4.01%, 0, 0, 2, 136.59, 38778, 2631, 0, 0
306, 0, 8, 494, 489, 87, 4.02%, 0, 0, 2, 353.58, 39746, 2633, 0, 0
311, 0, 374, 500, 491, 90, 4.03%, 0, 0, 3, 537.92, 42695, 2639, 0, 0
319, 0, 374, 517, 508, 90, 4.07%, 0, 0, 3, 31.40, 45154, 2666, 0, 0
325, 0, 374, 519, 510, 90, 4.07%, 0, 0, 3, 34.56, 46104, 2666, 0, 0
330, 0, 374, 525, 516, 90, 4.07%, 0, 0, 3, 567.30, 46808, 2669, 0, 0
335, 0, 374, 531, 522, 90, 4.08%, 0, 0, 3, 559.84, 49281, 2671, 0, 0
340, 0, 374, 534, 525, 90, 4.08%, 0, 0, 3, 539.86, 51983, 2672, 0, 0
345, 0, 22, 537, 527, 91, 4.08%, 0, 0, 3, 6.89, 52851, 2673, 0, 0
352, 0, 22, 538, 528, 91, 4.08%, 0, 0, 3, 17.27, 53186, 2675, 0, 0
357, 0, 22, 538, 528, 91, 4.08%, 0, 0, 3, 90.19, 53360, 2675, 0, 0
363, 0, 22, 540, 530, 91, 4.08%, 0, 0, 3, 23.00, 53963, 2675, 0, 0
370, 0, 22, 540, 530, 91, 4.08%, 0, 0, 3, 1.19, 54076, 2675, 0, 0
376, 0, 22, 540, 530, 91, 4.08%, 0, 0, 3, 5.42, 54170, 2675, 0, 0
381, 0, 22, 540, 530, 91, 4.08%, 0, 0, 3, 67.88, 54321, 2675, 0, 0
387, 0, 22, 540, 530, 91, 4.08%, 0, 0, 3, 5.53, 54450, 2675, 0, 0
394, 0, 22, 541, 531, 91, 4.08%, 0, 0, 3, 17.68, 54905, 2675, 0, 0
399, 0, 22, 543, 533, 91, 4.09%, 0, 0, 3, 692.68, 55547, 2679, 0, 0
405, 0, 22, 543, 533, 91, 4.09%, 0, 0, 3, 6.60, 55815, 2679, 0, 0
411, 0, 22, 543, 533, 91, 4.09%, 0, 0, 3, 68.12, 56056, 2679, 0, 0
426, 0, 22, 543, 533, 91, 4.09%, 0, 1, 3, 4.92, 56381, 2679, 0, 0
432, 0, 22, 543, 533, 91, 4.09%, 0, 1, 3, 1.66, 56726, 2679, 0, 0
438, 0, 22, 543, 533, 91, 4.09%, 0, 1, 3, 12.64, 56963, 2679, 0, 0
444, 0, 22, 543, 533, 91, 4.09%, 0, 1, 3, 22.99, 57233, 2679, 0, 0
449, 0, 22, 543, 533, 91, 4.09%, 0, 1, 3, 35.15, 57520, 2679, 0, 0
455, 0, 22, 543, 533, 91, 4.09%, 0, 1, 3, 10.17, 58049, 2679, 0, 0
461, 0, 22, 543, 533, 91, 4.09%, 0, 1, 3, 84.22, 58317, 2679, 0, 0
470, 0, 22, 543, 533, 91, 4.09%, 0, 1, 3, 46.79, 58582, 2679, 0, 0
475, 0, 22, 543, 533, 91, 4.09%, 0, 1, 3, 15.78, 58869, 2679, 0, 0
481, 0, 22, 543, 533, 91, 4.09%, 0, 1, 3, 22.24, 59065, 2679, 0, 0
486, 0, 22, 543, 533, 91, 4.09%, 0, 1, 3, 33.75, 59364, 2679, 0, 0
492, 0, 22, 543, 533, 91, 4.09%, 0, 1, 3, 51.79, 59911, 2679, 0, 0
497, 0, 22, 544, 534, 91, 4.09%, 0, 1, 3, 39.26, 60387, 2683, 0, 0
503, 0, 22, 544, 534, 91, 4.09%, 0, 1, 3, 5.56, 60652, 2683, 0, 0
508, 0, 22, 544, 534, 91, 4.09%, 0, 1, 3, 427.35, 61052, 2683, 0, 0
521, 0, 22, 544, 534, 91, 4.09%, 0, 2, 3, 9.86, 61342, 2683, 0, 0
527, 0, 22, 544, 534, 91, 4.09%, 0, 2, 3, 5.59, 61845, 2683, 0, 0
533, 0, 22, 544, 534, 91, 4.09%, 0, 2, 3, 14.68, 62060, 2683, 0, 0
539, 0, 24, 544, 532, 94, 4.09%, 0, 2, 3, 799.62, 64774, 2683, 0, 0
545, 0, 110, 548, 534, 92, 4.09%, 0, 2, 3, 771.64, 66307, 2683, 0, 0
550, 0, 163, 550, 534, 90, 4.09%, 0, 2, 3, 102.63, 67538, 2683, 0, 0
555, 0, 163, 552, 536, 90, 4.09%, 0, 2, 3, 115.79, 68192, 2683, 0, 0
571, 0, 184, 559, 542, 90, 4.12%, 0, 2, 3, 8.24, 70158, 2702, 0, 0
597, 0, 184, 575, 558, 90, 4.13%, 0, 2, 3, 0.84, 70333, 2707, 0, 0
604, 0, 184, 578, 561, 90, 4.13%, 0, 2, 3, 5.14, 70360, 2707, 0, 0
610, 0, 184, 591, 574, 90, 4.13%, 0, 2, 3, 6.89, 70565, 2707, 0, 0
615, 0, 184, 593, 576, 90, 4.13%, 0, 2, 3, 630.00, 71206, 2707, 0, 0
620, 0, 184, 594, 577, 90, 4.13%, 0, 2, 3, 28.54, 72441, 2707, 0, 0
625, 0, 184, 594, 577, 90, 4.13%, 0, 2, 3, 873.52, 73844, 2707, 0, 0
632, 0, 184, 596, 579, 90, 4.13%, 0, 2, 3, 21.92, 74310, 2708, 0, 0
639, 0, 184, 597, 580, 90, 4.13%, 0, 2, 3, 23.25, 75426, 2708, 0, 0
644, 0, 184, 599, 582, 90, 4.14%, 0, 2, 3, 36.38, 76376, 2711, 0, 0
651, 0, 184, 601, 584, 90, 4.14%, 0, 2, 3, 56.17, 77743, 2711, 0, 0
656, 0, 184, 601, 584, 90, 4.14%, 0, 2, 3, 875.00, 78094, 2711, 0, 0
661, 0, 184, 601, 584, 90, 4.14%, 0, 2, 3, 111.81, 78584, 2711, 0, 0
666, 0, 184, 601, 584, 90, 4.14%, 0, 2, 3, 836.17, 79571, 2711, 0, 0
672, 0, 184, 601, 584, 90, 4.14%, 0, 2, 3, 8.68, 80368, 2711, 0, 0
678, 0, 184, 601, 584, 90, 4.14%, 0, 2, 3, 24.55, 80896, 2711, 0, 0
684, 0, 184, 602, 585, 90, 4.14%, 0, 2, 3, 23.35, 82025, 2711, 0, 0
691, 0, 184, 603, 586, 90, 4.14%, 0, 2, 3, 18.05, 82424, 2711, 0, 0
697, 0, 184, 603, 586, 90, 4.14%, 0, 2, 3, 15.69, 82660, 2711, 0, 0
702, 0, 184, 603, 586, 90, 4.14%, 0, 2, 3, 4.10, 83205, 2711, 0, 0
710, 0, 184, 604, 587, 90, 4.14%, 0, 2, 3, 33.54, 84079, 2712, 0, 0
715, 0, 184, 604, 587, 90, 4.14%, 0, 2, 3, 33.90, 85467, 2712, 0, 0
722, 0, 184, 607, 590, 90, 4.14%, 0, 2, 3, 55.70, 86599, 2712, 0, 0
728, 0, 184, 607, 590, 90, 4.14%, 0, 2, 3, 74.27, 86842, 2712, 0, 0
733, 0, 184, 609, 592, 90, 4.14%, 0, 2, 3, 63.33, 87916, 2713, 0, 0
739, 0, 184, 609, 592, 90, 4.14%, 0, 2, 3, 24.25, 88524, 2713, 0, 0
744, 0, 184, 609, 592, 90, 4.14%, 0, 2, 3, 720.00, 89388, 2713, 0, 0
751, 0, 184, 610, 593, 90, 4.14%, 0, 2, 3, 33.81, 89841, 2713, 0, 0
757, 0, 184, 612, 595, 90, 4.14%, 0, 2, 3, 33.42, 90659, 2713, 0, 0
762, 0, 184, 612, 595, 90, 4.14%, 0, 2, 3, 49.60, 91125, 2713, 0, 0
769, 0, 184, 612, 595, 90, 4.14%, 0, 2, 3, 99.29, 91981, 2713, 0, 0
774, 0, 184, 612, 595, 90, 4.14%, 0, 2, 3, 649.57, 92809, 2713, 0, 0
780, 0, 184, 612, 595, 90, 4.14%, 0, 2, 3, 15.11, 93059, 2713, 0, 0
785, 0, 184, 613, 596, 90, 4.14%, 0, 2, 3, 424.50, 93851, 2713, 0, 0
792, 0, 184, 614, 597, 90, 4.14%, 0, 2, 3, 18.33, 94078, 2713, 0, 0
798, 0, 184, 614, 597, 90, 4.14%, 0, 2, 3, 83.04, 94733, 2713, 0, 0
805, 0, 184, 615, 598, 90, 4.14%, 0, 2, 3, 60.47, 95676, 2713, 0, 0
812, 0, 184, 615, 598, 90, 4.14%, 0, 2, 3, 50.20, 96291, 2713, 0, 0
830, 0, 184, 618, 601, 90, 4.14%, 0, 2, 3, 11.30, 96868, 2713, 0, 0
835, 0, 184, 619, 602, 90, 4.14%, 0, 2, 3, 685.15, 97798, 2713, 0, 0
842, 0, 184, 620, 603, 90, 4.14%, 0, 2, 3, 10.23, 98621, 2714, 0, 0
848, 0, 184, 622, 605, 90, 4.14%, 0, 2, 3, 70.94, 99261, 2714, 0, 0
853, 0, 184, 622, 605, 90, 4.14%, 0, 2, 3, 667.63, 99667, 2714, 0, 0
858, 0, 184, 622, 605, 90, 4.14%, 0, 2, 3, 333.33, 100067, 2714, 0, 0
863, 0, 184, 624, 607, 90, 4.14%, 0, 2, 3, 705.00, 100785, 2714, 0, 0
869, 0, 184, 624, 607, 90, 4.14%, 0, 2, 3, 47.87, 101781, 2714, 0, 0
874, 0, 184, 624, 607, 90, 4.14%, 0, 2, 3, 9.88, 102355, 2714, 0, 0
879, 0, 184, 625, 608, 90, 4.14%, 0, 2, 3, 145.63, 103066, 2714, 0, 0
884, 0, 184, 625, 608, 90, 4.14%, 0, 2, 3, 729.96, 104406, 2714, 0, 0
892, 0, 184, 625, 608, 90, 4.14%, 0, 2, 3, 70.88, 104760, 2714, 0, 0
899, 0, 184, 626, 609, 90, 4.14%, 0, 2, 3, 36.87, 105799, 2714, 0, 0
905, 0, 184, 627, 610, 90, 4.14%, 0, 2, 3, 40.88, 106320, 2714, 0, 0
910, 0, 184, 627, 610, 90, 4.14%, 0, 2, 3, 725.00, 107181, 2714, 0, 0
915, 0, 184, 627, 610, 90, 4.14%, 0, 2, 3, 28.81, 107820, 2714, 0, 0
921, 0, 184, 628, 611, 90, 4.14%, 0, 2, 3, 0.64, 108363, 2714, 0, 0
928, 0, 184, 628, 611, 90, 4.14%, 0, 2, 3, 67.11, 109210, 2714, 0, 0
933, 0, 218, 628, 610, 93, 4.14%, 0, 2, 3, 753.14, 110970, 2714, 0, 0
966, 0, 235, 628, 608, 91, 4.14%, 0, 2, 3, 0.53, 111418, 2714, 0, 0
976, 0, 235, 628, 608, 91, 4.14%, 0, 3, 3, 4.07, 111459, 2714, 0, 0
986, 0, 235, 629, 609, 91, 4.14%, 0, 3, 3, 4.08, 111501, 2714, 0, 0
996, 0, 235, 629, 609, 91, 4.14%, 0, 3, 3, 4.71, 111645, 2714, 0, 0
1001, 0, 552, 644, 622, 89, 4.19%, 0, 3, 4, 671.29, 114426, 2744, 0, 0
1006, 0, 552, 647, 625, 89, 4.19%, 0, 3, 4, 69.10, 114854, 2744, 0, 0
1011, 0, 552, 649, 627, 89, 4.19%, 0, 3, 4, 463.88, 115601, 2744, 0, 0
1017, 0, 552, 649, 627, 89, 4.19%, 0, 3, 4, 48.87, 115845, 2744, 0, 0
1022, 0, 552, 650, 628, 89, 4.19%, 0, 3, 4, 76.10, 116155, 2744, 0, 0
1027, 0, 552, 653, 631, 89, 4.19%, 0, 3, 4, 542.29, 117311, 2744, 0, 0
1033, 0, 552, 653, 631, 89, 4.19%, 0, 3, 4, 11.88, 118173, 2744, 0, 0
1038, 0, 552, 654, 632, 89, 4.19%, 0, 3, 4, 400.43, 118972, 2744, 0, 0
1047, 0, 552, 654, 632, 89, 4.19%, 0, 3, 4, 10.99, 120109, 2744, 0, 0
1054, 0, 552, 656, 634, 89, 4.19%, 0, 3, 4, 37.32, 121450, 2744, 0, 0
1070, 0, 552, 657, 635, 89, 4.19%, 0, 3, 4, 1.33, 121782, 2746, 0, 0
1076, 0, 552, 657, 635, 89, 4.19%, 0, 3, 4, 6.25, 122368, 2746, 0, 0
1083, 0, 552, 658, 636, 89, 4.19%, 0, 3, 4, 51.43, 123061, 2746, 0, 0
1088, 0, 552, 659, 637, 89, 4.25%, 0, 3, 4, 17.07, 123877, 2783, 0, 0
1094, 0, 552, 660, 638, 89, 4.25%, 0, 3, 4, 33.98, 124766, 2783, 0, 0
1099, 0, 552, 660, 638, 89, 4.25%, 0, 3, 4, 24.86, 125335, 2783, 0, 0
1106, 0, 552, 662, 640, 89, 4.25%, 0, 3, 4, 8.29, 126000, 2783, 0, 0
1111, 0, 552, 663, 641, 89, 4.25%, 0, 3, 4, 449.22, 127147, 2783, 0, 0
1117, 0, 552, 664, 642, 89, 4.25%, 0, 3, 4, 42.46, 127592, 2783, 0, 0
1123, 0, 552, 666, 644, 89, 4.25%, 0, 3, 4, 9.82, 128500, 2783, 0, 0
1129, 0, 552, 668, 646, 89, 4.25%, 0, 3, 4, 27.70, 129824, 2783, 0, 0
1137, 0, 552, 670, 648, 89, 4.25%, 0, 3, 4, 23.03, 131003, 2783, 0, 0
1143, 0, 552, 670, 648, 89, 4.25%, 0, 3, 4, 20.89, 131498, 2783, 0, 0
1149, 0, 552, 670, 648, 89, 4.25%, 0, 3, 4, 1.64, 132323, 2783, 0, 0
1155, 0, 552, 670, 648, 89, 4.25%, 0, 3, 4, 4.08, 133336, 2783, 0, 0
1161, 0, 552, 670, 648, 89, 4.25%, 0, 3, 4, 12.11, 133565, 2783, 0, 0
1166, 0, 552, 670, 648, 89, 4.25%, 0, 3, 4, 422.27, 134260, 2783, 0, 0
1171, 0, 552, 670, 648, 89, 4.25%, 0, 3, 4, 39.16, 134521, 2783, 0, 0
1178, 0, 552, 671, 649, 89, 4.25%, 0, 3, 4, 43.53, 134986, 2783, 0, 0
1183, 0, 552, 671, 649, 89, 4.25%, 0, 3, 4, 29.09, 136115, 2783, 0, 0
1189, 0, 552, 673, 651, 89, 4.25%, 0, 3, 4, 39.53, 137058, 2783, 0, 0
1194, 0, 552, 675, 653, 89, 4.25%, 0, 3, 4, 90.40, 137606, 2783, 0, 0
1200, 0, 552, 678, 656, 89, 4.25%, 0, 3, 4, 89.80, 138934, 2783, 0, 0
1205, 0, 552, 679, 657, 89, 4.25%, 0, 3, 4, 174.50, 139481, 2785, 0, 0
1210, 0, 552, 679, 657, 89, 4.25%, 0, 3, 4, 290.23, 140151, 2785, 0, 0
1215, 0, 552, 679, 657, 89, 4.25%, 0, 3, 4, 188.90, 140735, 2785, 0, 0
1220, 0, 552, 679, 657, 89, 4.25%, 0, 3, 4, 11.08, 141353, 2785, 0, 0
1226, 0, 552, 679, 657, 89, 4.25%, 0, 3, 4, 13.77, 142325, 2785, 0, 0
1231, 0, 552, 679, 657, 89, 4.25%, 0, 3, 4, 0.34, 142332, 2785, 0, 0
1236, 0, 552, 680, 658, 89, 4.25%, 0, 3, 4, 472.67, 143655, 2785, 0, 0
1243, 0, 552, 680, 658, 89, 4.25%, 0, 3, 4, 12.87, 144488, 2785, 0, 0
1249, 0, 552, 680, 658, 89, 4.25%, 0, 3, 4, 26.09, 145858, 2785, 0, 0
1255, 0, 552, 680, 658, 89, 4.25%, 0, 3, 4, 28.58, 146718, 2785, 0, 0
1261, 0, 552, 680, 658, 89, 4.25%, 0, 3, 4, 18.65, 147138, 2785, 0, 0
1268, 0, 552, 680, 658, 89, 4.25%, 0, 3, 4, 31.89, 148268, 2785, 0, 0
1274, 0, 552, 680, 658, 89, 4.25%, 0, 3, 4, 25.50, 149521, 2785, 0, 0
1281, 0, 552, 680, 658, 89, 4.25%, 0, 3, 4, 8.55, 150178, 2785, 0, 0
1288, 0, 552, 681, 659, 89, 4.25%, 0, 3, 4, 22.91, 151243, 2785, 0, 0
1293, 0, 552, 682, 660, 89, 4.25%, 0, 3, 4, 32.44, 152018, 2785, 0, 0
1298, 0, 552, 683, 661, 89, 4.27%, 0, 3, 4, 509.71, 152739, 2799, 0, 0
1313, 0, 255, 683, 660, 96, 4.27%, 0, 3, 4, 5.82, 153170, 2799, 0, 0
1323, 0, 255, 683, 660, 96, 4.27%, 0, 3, 4, 0.10, 153171, 2799, 0, 0
1330, 0, 258, 689, 665, 95, 4.27%, 0, 3, 4, 8.01, 154264, 2799, 0, 0
1336, 0, 258, 690, 666, 95, 4.27%, 0, 3, 4, 17.54, 154610, 2799, 0, 0
1342, 0, 258, 691, 667, 95, 4.27%, 0, 3, 4, 8.87, 154905, 2799, 0, 0
1350, 0, 258, 693, 669, 95, 4.27%, 0, 3, 4, 6.09, 155096, 2799, 0, 0
1355, 0, 258, 693, 669, 95, 4.27%, 0, 3, 4, 29.11, 155326, 2799, 0, 0
1361, 0, 258, 694, 670, 95, 4.27%, 0, 3, 4, 17.59, 155781, 2799, 0, 0
1367, 0, 258, 698, 674, 95, 4.28%, 0, 3, 4, 35.59, 156693, 2805, 0, 0
1373, 0, 258, 698, 674, 95, 4.28%, 0, 3, 4, 6.15, 156872, 2805, 0, 0
1378, 0, 258, 698, 674, 95, 4.28%, 0, 3, 4, 7.40, 157115, 2805, 0, 0
1384, 0, 258, 699, 675, 95, 4.28%, 0, 3, 4, 46.23, 157681, 2805, 0, 0
1389, 0, 258, 700, 676, 95, 4.28%, 0, 3, 4, 399.13, 157955, 2805, 0, 0
1395, 0, 258, 702, 678, 95, 4.28%, 0, 3, 4, 41.32, 158459, 2805, 0, 0
1400, 0, 258, 702, 678, 95, 4.28%, 0, 3, 4, 428.59, 159129, 2805, 0, 0
1405, 0, 258, 702, 678, 95, 4.28%, 0, 3, 4, 312.73, 159413, 2805, 0, 0
1411, 0, 258, 703, 679, 95, 4.28%, 0, 3, 4, 128.02, 159652, 2805, 0, 0
1417, 0, 258, 703, 679, 95, 4.28%, 0, 3, 4, 8.01, 159977, 2805, 0, 0
1423, 0, 258, 703, 679, 95, 4.28%, 0, 3, 4, 33.75, 160312, 2805, 0, 0
1429, 0, 258, 703, 679, 95, 4.28%, 0, 3, 4, 31.12, 160671, 2805, 0, 0
1435, 0, 258, 703, 679, 95, 4.28%, 0, 3, 4, 21.22, 161056, 2805, 0, 0
1440, 0, 258, 703, 679, 95, 4.28%, 0, 3, 4, 22.12, 161586, 2805, 0, 0
1445, 0, 258, 703, 679, 95, 4.28%, 0, 3, 4, 190.37, 162324, 2805, 0, 0
1451, 0, 258, 703, 679, 95, 4.28%, 0, 3, 4, 6.66, 162656, 2805, 0, 0
1456, 0, 258, 703, 679, 95, 4.28%, 0, 3, 4, 13.61, 162854, 2805, 0, 0
1462, 0, 258, 703, 679, 95, 4.28%, 0, 3, 4, 36.15, 163156, 2805, 0, 0
1468, 0, 261, 705, 680, 93, 4.28%, 0, 3, 4, 25.96, 164244, 2807, 0, 0
1500, 0, 597, 716, 690, 92, 4.29%, 0, 3, 4, 1.96, 166059, 2814, 0, 0
1513, 0, 597, 717, 691, 92, 4.30%, 0, 3, 4, 1.88, 166068, 2817, 0, 0
1520, 0, 597, 721, 695, 92, 4.30%, 0, 3, 4, 17.69, 166417, 2817, 0, 0
1525, 0, 597, 722, 696, 92, 4.30%, 0, 3, 4, 27.72, 166928, 2817, 0, 0
1532, 0, 597, 723, 697, 92, 4.30%, 0, 3, 4, 27.15, 167718, 2817, 0, 0
1537, 0, 597, 725, 699, 92, 4.30%, 0, 3, 4, 575.68, 168653, 2817, 0, 0
1542, 0, 597, 725, 699, 92, 4.30%, 0, 3, 4, 6.05, 169478, 2817, 0, 0
1548, 0, 597, 725, 699, 92, 4.30%, 0, 3, 4, 33.07, 170028, 2817, 0, 0
1553, 0, 597, 728, 702, 92, 4.30%, 0, 3, 4, 68.56, 171387, 2817, 0, 0
1560, 0, 597, 729, 703, 92, 4.30%, 0, 3, 4, 27.44, 172568, 2817, 0, 0
1565, 0, 597, 730, 704, 92, 4.30%, 0, 3, 4, 18.42, 173095, 2817, 0, 0
1571, 0, 597, 731, 705, 92, 4.30%, 0, 3, 4, 90.28, 173762, 2820, 0, 0
1577, 0, 597, 731, 705, 92, 4.30%, 0, 3, 4, 9.88, 174396, 2820, 0, 0
1583, 0, 597, 731, 705, 92, 4.30%, 0, 3, 4, 540.42, 175172, 2820, 0, 0
1588, 0, 597, 732, 706, 92, 4.30%, 0, 3, 4, 5.32, 175589, 2820, 0, 0
1593, 0, 597, 733, 707, 92, 4.30%, 0, 3, 4, 22.91, 176311, 2820, 0, 0
1599, 0, 597, 733, 707, 92, 4.30%, 0, 3, 4, 14.04, 176797, 2820, 0, 0
1605, 0, 597, 734, 708, 92, 4.30%, 0, 3, 4, 24.46, 177515, 2820, 0, 0
1610, 0, 597, 734, 708, 92, 4.30%, 0, 3, 4, 55.82, 177772, 2820, 0, 0
1616, 0, 597, 735, 709, 92, 4.30%, 0, 3, 4, 79.75, 178502, 2820, 0, 0
1622, 0, 597, 735, 709, 92, 4.30%, 0, 3, 4, 8.13, 179499, 2820, 0, 0
1629, 0, 597, 735, 709, 92, 4.30%, 0, 3, 4, 30.88, 180340, 2820, 0, 0
1635, 0, 597, 736, 710, 92, 4.30%, 0, 3, 4, 103.26, 180923, 2820, 0, 0
1640, 0, 597, 736, 710, 92, 4.30%, 0, 3, 4, 17.36, 181100, 2820, 0, 0
1647, 0, 597, 737, 711, 92, 4.30%, 0, 3, 4, 12.77, 182284, 2820, 0, 0
1652, 0, 597, 737, 711, 92, 4.30%, 0, 3, 4, 419.67, 183874, 2820, 0, 0
1659, 0, 597, 738, 712, 92, 4.30%, 0, 3, 4, 8.86, 184545, 2820, 0, 0
1666, 0, 597, 739, 713, 92, 4.30%, 0, 3, 4, 29.30, 185373, 2820, 0, 0
1672, 0, 597, 739, 713, 92, 4.30%, 0, 3, 4, 8.80, 185632, 2820, 0, 0
1677, 0, 597, 739, 713, 92, 4.30%, 0, 3, 4, 35.52, 186708, 2820, 0, 0
1683, 0, 597, 740, 714, 92, 4.31%, 0, 3, 4, 43.29, 187711, 2822, 0, 0
1688, 0, 597, 741, 715, 92, 4.31%, 0, 3, 4, 187.60, 188544, 2822, 0, 0
1693, 0, 597, 743, 717, 92, 4.31%, 0, 3, 4, 547.38, 189459, 2826, 0, 0
1699, 0, 597, 745, 719, 92, 4.31%, 0, 3, 4, 49.71, 190588, 2826, 0, 0
1705, 0, 597, 747, 721, 92, 4.31%, 0, 3, 4, 204.62, 191472, 2826, 0, 0
1710, 0, 597, 747, 721, 92, 4.31%, 0, 3, 4, 512.20, 192124, 2826, 0, 0
1716, 0, 597, 747, 721, 92, 4.31%, 0, 3, 4, 117.24, 192864, 2826, 0, 0
1721, 0, 597, 747, 721, 92, 4.31%, 0, 3, 4, 38.77, 193653, 2826, 0, 0
1727, 0, 597, 747, 721, 92, 4.31%, 0, 3, 4, 5.79, 193956, 2826, 0, 0
1732, 0, 597, 748, 722, 92, 4.31%, 0, 3, 4, 454.42, 195262, 2826, 0, 0
1737, 0, 597, 748, 722, 92, 4.31%, 0, 3, 4, 545.68, 196271, 2826, 0, 0
1744, 0, 597, 748, 722, 92, 4.31%, 0, 3, 4, 3.74, 197000, 2826, 0, 0
1751, 0, 597, 749, 723, 92, 4.31%, 0, 3, 4, 30.49, 198317, 2826, 0, 0
1757, 0, 597, 749, 723, 92, 4.31%, 0, 3, 4, 35.69, 199002, 2826, 0, 0
1762, 0, 597, 749, 723, 92, 4.31%, 0, 3, 4, 402.90, 199406, 2826, 0, 0
1769, 0, 597, 750, 724, 92, 4.31%, 0, 3, 4, 16.49, 200185, 2826, 0, 0
1774, 0, 597, 750, 724, 92, 4.31%, 0, 3, 4, 585.00, 200760, 2826, 0, 0
1779, 0, 597, 750, 724, 92, 4.31%, 0, 3, 4, 23.07, 201181, 2826, 0, 0
1785, 0, 597, 751, 725, 92, 4.31%, 0, 3, 4, 25.64, 201681, 2826, 0, 0
1790, 0, 597, 751, 725, 92, 4.31%, 0, 3, 4, 545.00, 202111, 2826, 0, 0
1795, 0, 597, 753, 727, 92, 4.31%, 0, 3, 4, 527.36, 202772, 2826, 0, 0
1801, 0, 597, 754, 728, 92, 4.31%, 0, 3, 4, 21.81, 203689, 2826, 0, 0
1808, 0, 597, 755, 729, 92, 4.31%, 0, 3, 4, 16.73, 204390, 2826, 0, 0
1822, 0, 269, 756, 728, 92, 4.32%, 0, 3, 4, 7.26, 205216, 2829, 0, 0
1832, 0, 269, 756, 728, 92, 4.32%, 0, 3, 4, 0.10, 205217, 2829, 0, 0
1845, 0, 282, 756, 725, 89, 4.32%, 0, 3, 4, 15.27, 205983, 2829, 0, 0
1855, 0, 282, 756, 725, 89, 4.32%, 0, 3, 4, 0.10, 205984, 2829, 0, 0
1865, 0, 282, 756, 725, 89, 4.32%, 0, 3, 4, 0.60, 205990, 2829, 0, 0
1875, 0, 282, 756, 725, 89, 4.32%, 0, 3, 4, 0.10, 205991, 2829, 0, 0
1885, 0, 282, 756, 725, 89, 4.32%, 0, 4, 4, 1.60, 206007, 2829, 0, 0
1896, 0, 282, 756, 725, 89, 4.32%, 0, 5, 4, 2.02, 206070, 2829, 0, 0
1906, 0, 282, 756, 725, 89, 4.32%, 0, 5, 4, 1.98, 206084, 2829, 0, 0
1912, 0, 719, 756, 722, 86, 4.32%, 0, 5, 4, 799.41, 209388, 2829, 0, 0
1917, 0, 304, 757, 722, 85, 4.32%, 0, 5, 4, 473.13, 210087, 2829, 0, 0
1924, 0, 304, 761, 726, 85, 4.32%, 0, 5, 4, 27.94, 210689, 2829, 0, 0
1930, 0, 304, 766, 731, 85, 4.32%, 0, 5, 4, 12.72, 211322, 2829, 0, 0
1935, 0, 304, 769, 734, 85, 4.32%, 0, 5, 4, 506.90, 212068, 2829, 0, 0
1941, 0, 304, 772, 737, 85, 4.32%, 0, 5, 4, 594.92, 213251, 2829, 0, 0
